70 50000
7.26594 21.1647 12.5243 3.83464 7.06622 1.22776 9.49242 12.924 13.0211 11.9326 11.9496 12.613 14.2594 14.4904 11.2592 29.1568 11.6742 14.3304 3.05155 4.34659 9.24317 4.01816 12.4051 18.5012 17.9314 3.79434 7.05962 6.13191 12.3299 2.86722 14.844 -0.166573 15.1504 7.58554 14.9488 7.6952 1.36394 12.8697 10.7971 6.34645 10.0072 9.94861 11.9247 15.0905 16.1888 2.29396 8.96503 3.63167 5.81312 7.98801 3.9733 3.57501 7.81103 -1.90606 17.3951 6.57214 14.2317 5.19912 9.68809 14.303 11.5403 3.05212 14.0763 13.1852 6.66302 8.37988 20.8184 12.7962 14.727 15.047 35194.8 
6.52226 18.8791 11.3993 3.84874 6.77965 1.89655 9.29361 12.5249 12.4531 11.6852 12.2581 12.3295 14.4586 14.8739 12.364 27.5541 12.2866 14.9345 4.26673 6.36941 11.2213 5.50635 13.631 19.4322 18.0899 5.91689 9.87683 8.68087 13.4585 5.68384 17.484 3.27986 17.09 8.9479 16.2885 10.634 6.28413 15.0289 13.675 8.78335 13.6365 11.6098 15.1951 18.3603 19.8136 7.41443 11.9754 8.94062 10.4851 11.6695 8.54367 8.19408 12.7518 3.45289 21.504 11.8067 20.2961 11.3536 15.5522 18.7448 16.0191 9.72946 18.0943 19.7998 12.04 13.8156 22.5667 14.8472 20.7516 18.6748 35185.2 
5.82853 16.7973 10.3738 4.00106 6.41484 2.4755 8.83353 12.3542 11.8902 11.8911 12.0932 12.2639 14.6048 14.8731 11.9878 25.8152 13.3407 15.6583 6.64115 6.55771 12.5416 7.64627 14.362 19.0638 18.8058 8.66533 10.3596 10.0965 15.4853 8.27866 18.7921 8.03867 18.7707 11.796 18.7257 12.6711 9.57566 18.1496 16.5438 13.2031 17.9475 14.1058 16.7784 21.5525 23.0065 10.7247 15.8814 11.4843 14.1392 14.7861 10.8079 12.9842 15.7163 8.28719 23.3182 15.8288 23.1809 16.5508 19.8079 22.8841 19.1326 12.602 21.4025 26.0438 16.6724 18.8032 25.2145 21.5981 24.9353 21.8175 27547 
5.2154 15.0322 9.55133 3.93923 6.20538 2.90841 8.45628 11.5184 11.3304 11.4454 12.3512 11.9682 14.2802 15.0076 12.1577 24.5239 13.5228 16.6331 8.07433 7.90751 12.7533 9.34322 15.2107 19.3801 19.4981 9.82591 11.5399 11.9343 16.1222 11.1654 20.2221 10.7393 19.4533 13.9357 21.4819 12.763 11.5888 20.2404 17.32 15.7243 19.4408 17.4972 17.7369 22.0598 25.1729 14.8853 19.4597 14.9034 16.5239 19.039 13.7269 18.0926 21.2299 12.5619 26.6245 19.631 26.2852 21.5268 22.5565 27.3562 25.1147 18.7781 26.8752 29.6066 20.8762 23.3454 29.5803 24.2272 25.6419 25.1692 21436.7 
4.69161 13.4259 8.83221 3.92621 5.9078 3.02728 8.29484 11.1029 10.6363 11.0797 12.087 11.8397 13.8688 14.35 12.6459 22.9971 13.8452 16.7722 9.62316 8.79017 13.7876 10.1751 15.4064 18.9827 19.3977 11.4113 13.2868 13.6501 18.3308 13.4758 21.0816 12.6877 20.0793 17.0254 23.2319 14.3263 13.8602 22.0706 21.0607 18.4598 20.9939 19.399 18.8725 21.6656 27.8082 17.7795 23.5926 18.9907 20.0936 21.1577 17.9841 20.771 24.0785 17.7892 29.0684 20.8956 29.0636 25.2111 26.0712 31.4898 27.4261 21.1609 29.2979 30.3428 24.8544 26.9221 30.4135 28.2435 29.1348 28.7339 16824.9 
4.19377 11.9916 8.22001 3.79183 5.52643 3.36528 8.42978 10.8742 10.6127 10.6821 12.0124 12.0436 13.5678 14.4535 13.1206 22.2302 14.4764 16.269 9.64541 11.165 14.5124 11.927 16.8293 20.516 18.8154 13.5597 14.283 14.0338 20.2757 15.5187 22.9571 14.693 21.8419 18.3945 23.704 16.9228 16.537 24.7742 22.4431 22.4311 22.9652 20.9581 21.069 24.013 29.5789 19.8873 25.3254 22.265 22.7873 23.294 22.9431 23.5796 26.3613 20.4938 31.6021 24.3135 31.5034 28.5607 27.0628 30.5764 31.0394 22.9434 31.0933 33.1778 29.4517 28.9473 32.8161 29.4566 34.4538 32.434 13242.6 
3.80519 10.7415 7.60561 3.87809 5.39899 3.63333 8.12797 10.3699 10.5224 10.4891 11.4418 12.3272 12.979 14.3263 13.6857 20.7694 15.0291 16.5072 10.7272 12.3062 15.9848 14.2411 17.4651 20.978 19.666 15.329 15.2328 15.4193 22.1884 16.702 24.5842 17.1465 22.6185 20.2022 23.4447 18.1666 18.5296 26.9352 24.9375 23.5462 24.6561 22.1931 23.5153 27.7816 32.6329 22.6443 28.7713 25.1363 24.9184 26.4485 25.1361 25.6984 29.4143 24.892 33.9186 26.3312 34.7113 31.6339 29.618 33.5725 34.7193 22.9912 32.9824 34.1855 32.5648 29.6787 34.2327 33.0701 37.8476 34.3231 10376.3 
3.47194 9.59019 7.14566 3.98996 5.36127 3.87919 8.00839 9.94532 10.7043 10.4202 11.3021 11.7454 13.3378 14.3263 13.6728 20.846 15.5189 16.6356 12.0123 12.852 16.0618 14.9796 17.1842 21.1698 20.4961 15.4159 16.5421 18.0453 21.7215 18.6979 25.1597 18.4335 23.7981 22.0538 24.7439 19.415 21.3695 27.6534 26.2885 24.9186 26.3988 23.6897 26.6203 28.0907 33.3312 23.528 29.4025 28.9851 25.6406 26.6853 28.3242 28.1791 31.1581 26.4883 35.3741 27.9601 35.8392 34.0445 31.024 35.3158 36.6735 26.8496 36.5171 36.1046 35.5273 33.8808 37.1652 37.5514 39.691 34.991 8194.28 
3.14812 8.6432 6.77087 4.03507 5.22492 3.85833 8.02267 9.88719 10.3742 10.2562 11.502 11.7424 12.8568 14.4081 13.4454 20.3911 15.5143 17.0586 12.367 13.6954 16.8558 15.511 17.644 21.4047 21.184 15.3918 16.3828 18.8833 23.5174 19.4773 26.4009 19.4733 23.9828 23.5499 23.6448 21.9968 22.9682 27.4608 26.7436 24.4959 27.6525 25.6766 27.6134 31.6289 32.7804 26.4115 29.6377 31.0759 29.6489 29.7414 30.3945 32.2159 31.138 27.3941 36.1871 28.6084 37.3566 33.9382 31.5906 38.2892 38.1983 29.0146 37.1799 37.0928 39.0552 35.1726 38.9022 40.1465 41.8176 38.2113 6555.65 
2.86007 7.85763 6.33382 3.91859 5.23031 3.96756 7.84921 9.27815 10.3101 10.6719 11.5382 11.8194 13.0253 14.5671 13.6847 19.8908 15.5931 16.5707 12.9517 13.3274 16.4149 17.2834 18.2772 21.0207 21.1691 17.2956 18.0402 19.491 22.9851 21.1503 26.8479 19.8288 24.6333 24.839 25.1059 24.493 23.8069 28.1715 26.868 25.6811 27.3988 27.7272 27.9967 32.2833 32.935 27.6407 31.1256 31.9611 31.9625 30.8049 31.1378 32.1921 33.528 27.444 38.126 32.4734 39.6157 35.9923 34.9672 40.2513 38.0901 30.3569 37.9989 37.2374 37.9927 36.8561 41.3297 41.3358 46.0742 39.7041 5335.85 
2.63947 7.12808 5.74747 3.85937 5.26441 4.19475 7.96541 9.26 9.96644 10.2775 11.9782 11.7363 12.9001 14.7585 13.4687 19.0541 15.4741 16.47 13.8376 13.931 16.7293 17.9215 17.9458 20.4904 21.3264 18.0667 19.1748 19.8989 23.9578 22.8285 27.5273 21.4065 25.6228 25.1893 25.764 25.5734 26.0126 27.8451 26.5963 26.6181 30.2062 29.6013 29.0017 33.0571 34.7836 30.5863 31.5655 32.9375 33.5764 34.0488 32.893 35.5398 35.9158 28.7461 39.3922 34.4502 38.1858 38.071 35.9392 41.3272 37.546 31.0653 37.0873 40.3765 38.1273 35.6203 43.0161 41.7644 44.8121 44.9954 4398.33 
2.44039 6.52702 5.30883 3.92036 5.26663 4.30902 7.67876 9.10445 9.70681 10.2585 11.9804 11.2776 12.1587 14.2536 13.6788 19.0967 16.0565 16.6687 14.3976 14.4557 16.9714 17.0876 18.6968 21.8206 22.5927 19.2359 20.3171 21.2415 24.8388 23.3175 26.8217 23.0085 25.8339 25.2316 25.1337 27.6027 26.7241 29.3017 27.2357 27.4976 30.6463 29.8738 29.4654 33.514 35.1366 29.2733 31.6297 34.0967 35.1341 34.981 34.3376 36.3631 37.2321 32.9637 41.3789 36.2176 38.2517 38.298 37.5549 43.0687 38.4627 32.5808 39.6042 40.3567 38.4617 38.4953 45.0021 42.9617 44.8708 45.7314 3627.83 
2.28753 6.03383 5.09417 4.04744 5.38043 4.51549 7.47481 9.16797 9.90429 10.5379 12.1666 11.4475 12.2792 14.1529 13.4252 18.753 15.7153 16.7121 14.6834 15.367 17.7216 17.9823 18.8241 21.5109 22.573 20.041 20.5692 21.6708 24.7903 23.8587 25.9104 22.464 26.9089 25.1199 27.1243 28.5416 27.1543 30.0719 28.5344 28.8312 30.98 29.1153 28.8663 34.3508 35.6578 32.402 33.6763 35.8376 37.5751 34.3774 34.9561 36.4643 37.0766 34.9657 40.6206 36.8933 42.6272 42.3212 37.4616 43.2682 40.9456 33.6624 43.8532 42.0287 38.6603 40.6233 47.4241 42.9781 44.0838 47.465 3079.36 
2.12555 5.6155 4.7978 3.88378 5.37417 4.71169 7.29823 8.82572 9.54549 10.3378 11.5926 11.1296 12.6567 14.3144 13.4976 18.303 16.1177 17.5021 15.0169 16.2205 17.3147 18.4178 20.7151 20.9876 22.6626 20.0326 20.8988 21.1129 25.9847 24.5556 25.9335 24.9211 26.6302 26.0721 27.1943 29.1283 29.1172 30.6768 29.6132 29.0255 31.8621 31.57 28.9427 34.1141 37.3727 32.9819 33.0172 36.6456 37.6787 34.3964 34.5795 35.7513 38.8799 35.1037 40.5179 38.1909 44.5775 40.9298 38.8067 45.7554 41.02 35.9645 44.3596 42.9058 39.3628 43.1679 47.1291 43.9172 44.907 45.5332 2688.19 
1.99552 5.21097 4.58845 3.91714 5.27384 4.7793 7.30717 8.60883 9.20557 10.1719 11.7382 11.0163 13.0356 14.7264 13.2923 18.2834 16.4077 17.7091 15.6165 16.1766 17.7478 19.009 20.3952 21.5539 22.8788 21.7249 20.3458 20.9444 25.5125 25.1741 26.1522 25.1653 26.2913 25.5031 28.1558 29.8663 29.63 31.0464 30.5034 31.118 32.3797 34.922 28.9591 34.7538 37.3087 32.9901 33.994 37.382 38.6657 35.8678 35.2785 39.3406 41.433 35.6489 41.5098 39.6762 43.8113 41.0246 38.7263 44.166 42.5774 35.1219 46.8518 44.4435 42.4666 44.9097 48.7469 43.9408 44.9636 49.6369 2365.07 
1.85848 4.85458 4.3459 3.85274 5.5197 4.968 7.32409 8.75185 9.34623 10.1204 11.7747 10.8813 13.1486 14.7949 13.78 18.6312 16.8418 18.0811 15.9105 16.1517 17.7012 19.0286 20.4246 21.5582 23.1949 20.7816 20.6483 21.9796 26.538 26.4622 26.5603 25.484 28.2891 25.821 28.5351 28.8076 29.7203 30.7832 32.3878 31.7816 33.5445 33.7143 31.0504 36.3 37.1164 34.46 34.6217 39.0427 39.5054 35.5046 36.4978 39.8227 42.4306 36.5014 39.6355 41.4603 44.1026 42.9151 40.4974 44.4815 43.4272 36.2754 48.4093 44.9898 44.2624 44.7031 48.7704 45.4392 45.1813 50.6802 2105.76 
1.74988 4.49921 4.01226 3.92541 5.30701 5.2436 7.51569 8.61794 8.90801 10.0724 11.6079 11.0588 13.2785 14.5816 13.5525 18.7384 16.7263 18.583 16.41 16.4568 17.7064 18.5437 19.9971 21.0255 23.2613 21.387 23.2549 21.0765 27.1738 27.0409 26.705 25.9153 28.045 25.9343 27.9119 29.1626 30.5074 31.7976 31.9019 31.6499 33.7816 34.4629 31.9908 35.515 37.8623 34.0171 35.1034 39.4658 38.892 37.09 37.1576 40.1072 43.0687 36.9589 39.7113 41.6529 43.9373 45.9069 40.2411 44.9912 43.4657 38.8028 48.1068 44.1137 46.1484 46.2281 47.8148 45.2628 45.4581 50.5061 1901.42 
1.68343 4.19772 3.95495 3.97753 5.24452 5.53082 7.48371 8.64797 9.15157 9.86635 11.4321 11.1211 12.9845 14.7932 13.116 18.1424 16.5282 18.9744 16.5743 17.2687 17.5393 17.8709 20.9587 21.8157 23.5234 21.3263 24.0439 21.8512 26.6411 27.5997 28.0199 25.6246 28.8579 26.3828 29.2597 29.5526 29.803 32.1894 32.7291 31.5056 34.2248 32.3586 34.1095 36.5245 38.7212 34.2863 36.3782 39.1242 39.5051 38.5212 38.4935 40.9531 43.7637 38.0887 40.0063 43.2278 43.3066 47.4039 42.0213 45.8609 43.6058 39.6079 49.3128 41.0241 46.1225 46.3832 46.8892 45.354 45.6989 49.5725 1729.89 
1.63245 3.96968 3.89701 3.97804 5.14561 5.75555 7.68255 8.64885 9.33735 10.1813 11.5967 11.3822 12.7505 14.4136 13.8852 16.8083 15.9119 18.9905 16.6907 17.8336 16.6985 18.3265 20.9738 20.8458 22.9675 22.3868 23.9942 21.5051 26.4913 27.7967 28.1338 25.7546 29.4313 28.0247 28.7082 29.441 30.157 32.1191 33.6974 32.4428 33.2846 33.3146 35.1938 36.571 39.3282 35.26 36.7183 39.2067 40.1294 37.5754 39.9361 40.7501 43.3326 39.0236 40.0764 45.291 45.6712 47.4803 40.0123 45.0636 43.1728 39.421 48.1137 42.0397 48.0111 47.9458 44.6293 47.3423 45.5601 48.9874 1622.49 
1.554 3.7577 3.69971 3.81468 5.26897 5.77294 7.47153 8.62022 9.31207 10.142 11.4288 11.802 13.3461 14.2823 14.499 16.7209 15.8199 18.7993 16.2195 17.881 17.6563 18.6868 21.475 21.248 22.6739 22.0066 23.729 21.9686 26.1319 28.3933 28.2405 27.4966 28.6657 28.3451 31.0463 29.827 31.6633 33.8712 33.371 32.0854 35.1485 34.0412 35.9818 36.9904 39.7776 37.1865 37.0609 38.1571 40.9053 39.9298 40.3163 42.5191 43.1606 39.6206 40.3964 47.1903 44.5057 48.7313 41.0856 44.504 43.3189 41.0725 49.0066 41.1863 46.1944 49.5641 45.0654 45.9226 47.9689 52.2647 1544.59 
1.47934 3.44841 3.60996 3.95294 5.39437 5.93005 7.16265 8.62236 9.40625 9.9331 11.4788 12.0932 13.3012 14.7488 14.4286 16.6042 16.2741 17.7746 15.8832 17.8924 18.4766 18.9262 21.7455 21.7674 22.0264 22.7653 23.9408 22.2876 27.5884 28.9692 27.7771 27.9215 28.8505 29.2781 32.0504 30.0257 30.5297 34.5903 33.4723 32.7694 34.8771 34.1256 36.2695 38.7913 39.7644 36.9781 36.0911 39.4637 40.29 39.7722 41.5581 41.8333 42.9801 39.4676 40.7554 47.2334 43.0627 50.2998 39.6007 45.2661 43.8702 40.5222 50.7896 40.8684 44.7879 49.6304 45.7309 45.7669 48.651 53.1876 1454.05 
1.44484 3.25187 3.62942 3.88201 5.22074 5.82654 7.37725 8.26051 9.55438 9.33432 11.7857 12.4809 13.5312 14.8205 14.6628 15.8327 16.8467 16.8443 16.2562 18.012 18.4223 19.1984 22.2125 22.3799 22.1096 22.9326 23.7779 22.1035 27.2757 28.538 28.4905 28.3049 29.5182 28.754 31.5077 30.7605 31.1208 34.7431 34.1084 33.0721 36.2093 35.8998 36.0631 39.3958 39.6689 37.0876 35.2893 40.8146 41.2489 41.0851 39.8139 41.9758 43.3208 41.9867 41.1537 46.6627 43.8975 48.3121 38.4787 46.0758 44.9285 41.9746 49.0936 41.767 43.4478 48.4279 45.0164 45.6649 50.0543 52.0403 1385.72 
1.3844 3.08 3.59137 3.87148 5.25307 5.87875 7.14648 8.16849 9.49002 9.71625 11.789 12.7358 13.4465 14.6182 14.6652 15.8455 16.8421 17.4293 16.5475 17.692 18.8407 19.5888 22.8857 22.6622 21.525 24.4544 23.4277 22.5382 27.3835 29.1965 28.614 29.0627 30.0789 27.6303 31.0439 30.7381 30.6872 35.2478 33.6537 33.3178 38.1768 35.1943 35.4967 38.8234 38.8757 37.2277 35.7201 41.1773 42.9586 40.805 39.26 43.7268 45.1058 42.1978 42.774 45.1139 46.5306 48.277 40.851 46.2625 45.9799 42.635 47.9521 42.6802 45.0206 48.9484 46.2986 48.5241 51.3573 50.8512 1340.08 
1.38125 2.9472 3.49385 3.69793 5.15006 6.03601 6.85883 8.03868 9.30213 9.8949 11.5303 12.5503 13.6061 14.2549 14.9013 15.1948 16.0882 17.781 16.8318 17.8001 20.0887 19.7194 22.2992 23.1889 22.5932 24.9873 23.411 23.3776 27.6799 29.4475 29.7385 28.4538 29.5829 27.8154 32.745 31.2125 31.1393 34.3623 34.987 32.7165 38.1309 35.508 35.8797 38.6776 38.5183 37.287 35.507 42.057 42.5142 42.0628 40.608 42.0925 44.558 41.8961 42.9411 45.4198 46.151 48.8903 40.5065 47.5187 44.2986 44.1594 48.5536 41.713 44.3696 49.0705 46.1557 48.0299 52.8745 51.4558 1301.38 
1.33464 2.84708 3.34175 3.80855 5.11788 6.04671 6.86014 7.64775 9.3194 9.95584 11.4769 12.1376 13.3234 14.1031 15.2927 15.1886 15.8229 18.4875 17.1801 18.0429 20.5816 20.0519 22.8912 23.4881 21.9709 25.7828 24.3804 24.0847 26.5079 28.9271 29.8542 28.8169 30.3102 28.1874 32.8538 32.6842 31.7077 34.5103 34.7974 32.1194 38.0968 35.7272 36.695 40.6424 37.4998 38.0034 35.4705 41.4632 43.2403 39.2351 40.472 41.321 43.3007 41.8885 44.1103 43.1665 45.2315 47.7829 42.4507 47.7383 46.1359 44.1653 47.0052 43.1063 45.7452 49.8264 47.2794 47.5024 53.5418 50.4937 1278.37 
1.23991 2.75806 3.25364 3.71619 5.08277 6.27508 6.9042 7.76097 9.42121 9.84046 12.184 12.2033 12.9178 14.1679 15.3219 14.5584 16.2628 18.3169 17.3407 17.6869 20.3382 20.604 23.2523 22.8929 22.2116 27.079 25.0044 25.3305 27.7159 28.8101 30.5042 30.0461 30.2397 28.1601 33.1253 32.8198 30.4658 35.0427 33.5775 32.7621 36.817 36.4395 36.0284 40.7615 36.6136 37.4977 37.0571 42.0561 42.9929 40.3119 41.1279 41.794 45.1201 40.7865 45.8541 42.3563 45.9949 48.4016 44.7802 45.5257 44.6037 42.9295 48.2897 44.7293 43.4749 49.9014 48.4004 45.8437 53.0712 51.0174 1264.22 
1.19168 2.63697 3.22384 3.69156 4.97148 6.45875 6.63587 7.60504 9.21085 9.63576 11.9169 12.2602 13.2181 14.4356 15.1222 14.0186 15.5641 18.1085 16.841 18.7942 20.2872 21.9244 22.4164 22.4496 22.4898 27.5987 25.8212 25.6681 27.4561 29.2577 30.752 29.4408 29.419 28.4658 34.4065 33.5211 30.6638 34.6465 33.6213 32.3583 36.2055 35.7115 36.0717 38.9653 36.9693 37.5134 37.1828 42.7377 42.5108 41.3234 40.6248 41.8372 46.5961 38.8095 45.1349 42.3238 46.4282 44.9762 46.4178 44.1481 44.7406 42.656 48.0852 45.8427 43.8687 49.778 48.7152 48.8521 52.7172 51.0329 1243.63 
1.16905 2.50204 3.09424 3.70826 5.10673 6.34783 6.52474 7.32841 9.23002 9.836 11.8477 12.5148 13.0133 14.4317 15.0112 14.0001 15.9912 18.789 17.3848 19.3348 19.2829 21.7999 22.1496 23.1174 22.7093 27.2825 25.8046 26.2401 27.726 29.3755 29.6665 29.8231 29.6187 28.6518 34.0272 34.5732 31.6331 34.7592 34.5051 32.8306 35.8863 35.9236 36.455 38.4968 37.219 37.581 38.1623 43.28 42.2842 42.1414 41.3781 41.5456 45.5647 37.2428 45.4119 41.8765 46.2858 45.5952 47.7752 45.9034 45.9281 43.7571 46.9846 47.3426 44.2367 49.7233 49.4966 48.0755 52.2049 51.654 1218.32 
1.12972 2.41728 3.02978 3.84097 5.18084 6.27791 6.59288 7.53523 9.55385 9.79007 11.6935 12.503 12.363 13.989 14.5466 14.3377 17.2338 18.2616 17.9506 19.0569 19.3987 21.841 21.2331 23.2694 23.0817 27.2249 26.0482 24.9549 26.7449 28.0133 29.4563 30.82 30.1926 28.8757 33.4782 33.946 31.6657 35.7542 34.0976 35.1306 36.8677 36.5124 37.1674 39.2007 37.9414 37.2027 39.6399 44.2658 41.9544 41.683 43.1025 41.9964 46.0064 40.1388 45.0321 42.8847 47.7617 46.2677 46.8163 46.5208 46.0445 44.9406 47.8854 47.2834 44.3515 51.1779 49.5601 45.7703 51.3961 51.586 1216.62 
1.09696 2.38647 2.95651 3.84065 5.17804 6.14279 6.76194 7.29698 9.8209 9.50642 11.2735 12.338 12.2525 14.2165 15.3648 14.183 17.5168 18.7755 18.199 18.4177 20.1363 21.7219 21.5013 24.4077 23.3475 26.6777 26.1463 26.0698 26.6278 28.4449 28.8156 31.5774 30.9255 29.3059 32.7217 34.2834 30.3999 35.9468 35.2206 35.1812 37.0131 37.7519 37.2883 39.4144 37.7378 38.0464 39.3033 43.3767 43.1501 41.7237 43.7998 41.5765 45.4864 41.4732 43.164 42.6096 46.7473 45.9101 45.1114 44.2114 48.9821 46.2897 47.7167 46.5866 43.1678 50.6429 50.8834 46.8259 53.1988 49.9591 1201.68 
1.07491 2.38382 2.99396 3.89764 5.00088 6.187 6.75309 7.42919 9.68383 9.72183 11.1064 12.7442 12.5539 14.8446 14.9163 14.7669 17.6808 18.5483 18.4583 18.5814 20.7629 21.4401 21.1452 25.3211 23.2089 26.7408 25.4116 26.3736 27.3908 28.0037 27.7368 32.2139 30.1757 29.5338 33.3705 34.0631 29.4831 33.7059 36.4974 35.9609 36.0961 37.5708 37.111 39.0211 37.2601 38.2848 39.1938 43.3944 42.0123 43.0931 44.5886 42.3688 45.0054 41.5916 44.0024 42.3467 46.9049 44.3932 44.3818 45.6725 44.9363 46.6484 46.7878 46.4691 41.1301 49.6923 52.4293 48.0373 53.7164 48.8768 1200.81 
1.05635 2.24131 3.0631 3.87806 4.94203 6.21799 6.69801 7.32968 9.53885 9.7651 11.0337 12.583 12.6895 14.7069 14.7853 15.0511 18.1854 18.0707 18.4883 19.4425 20.6777 20.9955 21.0827 26.1723 23.6444 26.9064 25.4737 27.5107 27.4316 28.7106 28.1471 32.8438 30.3289 30.6643 31.3667 33.7278 28.6978 32.2934 36.4843 35.2767 35.0492 37.1025 35.8709 38.4448 37.3845 38.0244 39.5204 42.6602 41.6563 42.1759 43.7707 43.5367 44.4612 41.7841 44.8666 44.1734 46.9972 45.5372 45.1317 47.3103 45.6323 46.3101 45.9357 46.0504 42.7599 49.3953 52.3562 47.9543 52.2889 46.9696 1195.47 
1.02141 2.2526 3.15379 3.91384 5.05949 6.16481 6.37275 7.36597 9.49313 9.64926 11.05 12.9891 12.988 14.6652 14.6338 15.1891 17.9349 17.9832 18.2036 19.9919 20.2036 21.0144 21.2779 27.0248 23.7607 27.1309 24.5638 26.1657 27.3417 29.1363 28.0214 32.2514 30.8985 31.2465 31.2061 33.7604 28.7893 32.5644 37.1548 34.7375 35.6856 37.7473 36.5699 37.0659 35.6845 38.0954 39.2117 40.6657 42.8492 43.4744 43.0933 44.9317 44.6078 41.6655 42.6878 44.5572 46.7065 45.4213 44.8099 47.0996 45.1098 45.9242 44.9244 44.7216 42.5086 50.4671 52.6243 46.0538 54.5342 47.1957 1194.64 
1.00707 2.27165 3.19912 3.93371 5.11114 6.26079 6.38833 7.27688 9.35996 9.55015 11.0663 12.4613 12.6271 14.7785 15.224 15.6727 17.8869 17.9529 17.9165 20.0845 20.3907 21.448 21.3439 26.2373 23.056 27.1548 25.3347 26.9415 27.7893 28.7862 29.2623 31.471 30.7235 30.2586 31.6422 33.3809 31.1288 32.3807 36.5061 34.9508 35.9619 36.6986 36.312 37.5643 35.4916 38.8811 39.0157 39.9053 43.455 42.8222 40.63 45.9472 45.6295 41.966 42.7221 44.8283 46.0068 45.4721 45.277 47.3006 45.2941 46.1715 43.9829 45.7124 42.2479 49.9705 54.1414 46.3435 53.5621 47.3842 1194.03 
1.00551 2.271 3.177 3.93363 5.11759 6.35538 6.60991 7.67398 9.30052 10.1231 10.8686 11.9003 12.9233 14.7386 14.661 15.8722 17.5592 18.2932 18.1646 19.7842 20.4195 22.0447 20.7659 26.6772 23.2052 26.6066 26.0104 26.8776 27.8434 29.1222 29.183 31.5319 30.4712 30.653 30.4247 34.0628 31.8501 32.6637 35.4939 35.44 36.8929 36.7983 36.3006 38.6156 37.1189 37.4737 38.4048 40.6208 43.9315 43.4345 41.1815 45.4032 46.1371 43.162 42.532 46.1416 46.9054 44.451 46.5795 46.2151 44.9173 47.9352 44.8034 45.5635 43.2368 48.1974 53.2254 45.9277 52.2403 48.8245 1191.04 
0.996664 2.21224 3.1903 3.76578 5.12997 6.29215 6.55183 7.44231 9.27075 9.77399 10.8429 11.948 13.1501 15.2195 14.6328 16.2322 16.8164 18.8057 17.6293 20.2636 20.1398 21.6578 21.1146 26.2904 23.1456 26.2091 25.5183 26.8446 28.3325 28.8788 29.1569 31.9228 31.0407 30.8505 29.9664 33.8843 31.6892 33.3153 35.5002 35.0564 38.1187 37.3316 36.7236 38.1055 36.9637 37.8762 39.2424 39.9526 43.0796 42.5487 39.7408 42.9721 47.6409 44.1405 41.8712 45.9188 47.616 44.085 46.5114 46.7243 47.2394 49.101 44.9013 47.5463 45.4332 47.4311 52.117 45.565 51.3847 48.6962 1185.53 
0.989922 2.13884 3.129 3.73976 5.19067 6.20299 6.32394 7.61109 9.28747 9.8301 10.538 12.6157 12.4312 15.0375 14.6737 16.2645 16.9948 19.1987 17.9737 20.2228 20.476 22.1264 21.0992 25.9204 23.257 26.181 25.2739 26.3987 27.9254 28.3124 28.9956 30.8504 31.0678 30.6439 30.0554 33.5263 31.4547 32.3457 36.2464 35.1262 38.3111 37.2341 36.908 38.7944 37.4387 37.7538 39.1603 39.0953 41.7784 42.3501 41.5858 43.6034 46.0574 44.5169 41.5934 44.9993 48.9959 43.8144 44.8218 47.3907 45.4963 49.5098 46.182 48.6272 45.7543 48.8125 51.6358 46.6902 53.1815 50.1873 1183.29 
1.01025 2.09508 3.01195 3.60785 5.34285 6.06084 6.17653 7.80362 9.10088 9.85876 10.4793 12.7865 12.1143 14.8134 14.3433 16.471 16.7945 19.4863 18.03 20.5936 20.6971 22.5192 21.6778 26.0013 23.708 25.4708 25.2853 26.8583 27.7374 28.9569 29.4756 31.2481 30.7575 30.5238 28.2403 32.8677 31.9052 32.3705 36.2377 36.2836 38.4628 36.381 36.2411 39.9183 39.5743 37.5448 38.4126 39.0636 41.5419 44.2881 41.6838 42.4876 45.7685 44.435 42.1152 46.461 50.524 44.3543 46.5477 46.4119 45.3843 49.7044 45.4316 48.431 47.158 46.8576 52.1327 46.4906 53.2914 50.3633 1186.48 
0.991368 2.12516 2.99642 3.69992 5.35944 6.09448 6.21766 7.54359 9.15118 9.69025 10.0329 12.8761 12.4071 14.5964 14.518 16.2919 16.7036 19.4334 18.1247 20.217 20.565 22.4793 22.2439 25.2364 23.0671 25.9999 25.4895 26.4665 27.5217 28.9774 30.4565 30.9941 32.0521 30.7273 28.4462 32.7951 31.7625 32.4708 35.4647 36.2907 38.5643 36.3244 36.8853 39.9119 40.5828 38.0616 38.1646 40.111 40.2632 43.7987 41.9604 42.3604 45.9887 43.8295 42.5872 45.0409 49.6936 44.6429 48.4725 46.7917 45.2326 50.1579 45.8783 48.1006 47.073 46.0474 51.3046 44.5352 53.8979 50.7061 1181.66 
0.985415 2.14778 2.99714 3.74198 5.32601 5.87777 6.16498 7.69609 9.1135 9.80107 10.1447 12.5189 12.958 14.2908 14.0576 16.2972 16.4597 18.5724 18.1359 20.6492 20.4181 22.0253 22.204 25.3496 22.6301 25.7373 24.8067 26.1723 28.2197 28.51 31.0204 30.6235 32.1534 30.7373 29.0025 33.2108 31.363 32.1692 35.3472 35.3202 38.0349 37.0099 36.539 40.5941 40.9038 37.8153 38.1987 39.5372 40.0913 44.3722 42.616 41.5791 46.0121 42.3492 43.2337 44.8754 47.7751 45.6225 50.0981 47.3204 45.0832 50.2136 47.13 49.1535 46.9897 46.3053 50.2875 45.5036 52.8433 48.6086 1182.34 
0.955269 2.08897 2.9059 3.85919 5.35462 5.87056 6.24511 7.57793 8.80867 9.88579 10.7243 12.4575 13.2722 14.5151 14.1072 16.4693 16.477 18.5126 17.8546 21.1702 21.0249 21.4862 21.7993 24.924 22.4403 25.9882 25.2992 27.0951 28.0482 28.4793 30.7683 30.3461 31.3376 30.9086 29.6137 32.5185 31.5504 32.3759 35.6651 35.0404 37.4428 35.965 35.6466 39.2561 41.0463 36.9084 38.7387 39.1501 39.5317 43.7424 43.3802 40.9296 47.8009 42.8442 42.7988 46.6401 45.3217 45.4368 49.7315 47.2182 44.4336 49.6467 48.4188 49.1265 47.8845 46.5465 51.0293 46.8113 50.6517 50.1635 1184.13 
0.982617 2.09388 2.87895 4.03915 5.26849 5.80291 6.24461 7.67178 8.44948 10.1863 10.7578 12.3289 12.5847 14.8006 14.1006 16.3628 17.0403 18.8042 17.7894 21.0732 20.8624 21.6065 22.3022 24.5268 22.3567 26.7358 24.7456 26.2462 27.6685 27.9464 31.0031 30.7918 31.7251 31.243 30.1353 32.7822 32.8081 32.2628 33.9113 36.5652 36.8824 35.6118 36.2793 39.9968 41.1407 36.1095 39.4034 40.6535 38.5549 43.7087 42.81 41.0339 46.2968 43.606 42.8585 46.8216 44.5753 45.1748 49.0254 47.8754 46.3657 50.7178 48.8326 49.0693 49.7265 45.1819 50.3729 46.0124 49.957 51.359 1183.69 
0.97937 2.13314 2.94356 4.11999 5.2126 5.81608 6.38475 7.80117 8.47619 10.1573 10.5381 12.7057 12.687 15.0713 14.2885 16.4704 17.0853 18.5258 17.6652 20.2554 20.6012 21.7442 21.8343 23.6428 22.6345 27.53 24.2762 25.2735 26.5998 28.9742 31.0286 30.0484 31.6945 30.6338 29.3837 34.0081 32.4926 31.4258 33.7752 36.9256 37.1274 35.557 37.5831 39.652 41.4348 36.0673 40.3237 39.4708 39.045 43.468 42.9152 40.1414 45.8248 43.8115 44.2382 45.9627 44.6675 44.4975 47.9583 46.8711 47.2471 51.2467 48.382 48.1359 49.05 45.6188 49.159 45.2997 49.8341 48.796 1181.2 
1.01081 2.14058 2.98886 4.08133 5.28434 5.83042 6.48857 7.80895 8.42652 10.3443 10.3404 12.8238 12.6825 14.977 14.349 16.3655 17.5802 18.199 17.7786 20.8454 19.4841 21.8199 22.2141 23.2903 22.7008 27.6874 25.4402 25.5825 26.4603 29.5857 30.6161 29.9198 31.375 30.5257 29.7371 34.7373 32.2269 32.2749 35.1509 36.4398 36.9316 36.3233 37.7298 38.8851 40.1161 35.9661 40.3507 38.7857 39.1708 43.5504 42.4207 40.3426 45.7795 44.7825 43.9156 45.9857 43.7521 45.3245 49.7309 46.7973 45.7801 50.009 48.9263 48.284 48.9794 44.9095 47.9042 47.6469 50.6101 46.9319 1179.75 
0.982856 2.12553 3.10658 4.07518 5.29112 5.7286 6.62227 7.98764 8.48934 10.2804 10.4367 12.0952 12.9752 14.3761 14.1512 16.0946 17.3662 17.6558 17.7631 20.2565 20.5548 22.0638 22.071 23.5047 23.1359 26.8426 25.6477 25.6477 26.5507 29.3494 30.3017 30.1503 31.2402 31.1873 29.7973 34.8256 32.6048 32.5376 35.8953 35.9541 36.6998 36.6945 37.9669 40.4013 40.5925 35.7492 42.1873 39.2751 39.5067 44.9365 41.2014 41.8519 45.3265 43.734 44.3215 45.6752 42.7479 46.9076 48.4555 46.8606 46.2454 48.5327 48.7779 47.5646 49.6662 46.9862 46.1641 48.712 51.1885 47.9011 1181.78 
1.00858 2.1513 2.9883 4.18957 5.33256 5.7581 6.90331 7.8193 8.63748 10.2033 10.3946 12.3808 12.5119 14.7915 14.319 16.2903 17.7175 17.6295 17.434 20.5535 20.4716 21.7872 21.4628 24.3738 23.5079 26.0437 26.0022 25.5076 25.8806 29.4164 29.3979 30.3856 30.716 31.6733 29.53 34.8745 32.9888 33.2047 36.418 36.6677 36.6555 35.2639 36.8284 39.7829 40.7833 35.8568 42.2746 40.5368 39.1448 44.6233 40.9527 41.9602 45.9554 43.4871 45.3923 44.8327 42.7189 47.8738 46.0642 47.3746 46.406 49.4302 48.4697 47.3757 49.3867 48.069 48.8742 47.9243 50.2075 46.0042 1176.63 
1.03343 2.1521 2.89522 4.23932 5.25365 5.50166 6.86986 7.86575 8.59863 10.0139 10.2264 12.0943 12.3321 15.0633 14.1556 15.8441 17.6491 18.058 17.7425 19.849 20.4773 21.5811 21.4216 23.9562 23.3829 25.1904 26.2695 25.9829 26.6297 29.4216 29.1969 29.42 30.7992 30.9469 29.7928 34.8034 33.2805 33.981 37.1492 35.7945 37.7406 35.275 36.7625 38.8242 39.9844 36.1902 42.2724 40.3642 39.6297 43.8077 41.4361 42.5545 46.4754 44.2314 45.5228 45.1156 41.698 48.8286 46.2451 46.4797 47.3492 49.8315 47.8853 45.2568 50.0336 46.3104 48.5134 47.02 51.6621 47.0008 1174.23 
1.00257 2.13826 2.9136 4.15596 5.08843 5.39738 7.0242 7.72956 8.68807 9.88521 10.4592 12.1661 12.5193 15.1084 14.3927 15.5838 17.7291 17.7077 17.7174 19.7962 20.6606 21.9928 20.6789 24.1926 23.2104 24.419 26.102 25.1515 27.5199 28.6955 29.5644 28.8913 30.7957 30.7887 29.6521 33.0221 33.3238 34.8454 36.3248 33.8642 35.7454 35.5704 36.695 38.4068 40.9015 35.9791 41.4306 40.127 40.4268 43.66 42.5567 42.3968 46.6102 45.2745 44.4843 45.1247 41.9832 48.8657 46.5382 45.2084 47.3755 48.7893 46.1865 45.5248 50.042 47.2857 46.6939 46.6966 50.417 47.0642 1178.01 
1.0018 2.16864 2.8912 4.36276 5.00953 5.31512 7.27704 7.69113 8.56908 10.022 10.1169 12.436 12.862 15.2112 13.9167 15.4601 17.8796 18.2011 17.19 20.0584 20.4681 22.3339 20.2885 23.8514 22.9231 24.6405 26.117 25.0046 26.4562 27.6765 28.8684 29.3554 31.1133 30.5452 30.494 32.4654 33.3483 34.0137 36.8118 33.1231 36.8071 35.1957 38.6093 37.8351 41.5639 36.2509 41.0008 40.297 40.8938 43.1278 42.3533 42.8724 45.9424 44.1357 44.8127 45.26 42.966 49.8091 47.8276 45.115 48.2363 50.3124 46.4709 45.8054 50.8308 48.4502 47.3095 47.7631 50.1222 47.1894 1179.79 
0.996983 2.1224 2.81985 4.37417 4.93618 5.40917 6.98694 7.73321 8.73977 9.80697 9.93827 12.0625 12.609 15.1631 14.2724 15.8563 17.1609 17.7125 17.4037 20.118 20.2778 22.8591 20.4762 23.6894 23.1706 24.1541 26.2062 25.3331 26.5818 28.126 29.3482 30.4195 30.0789 30.6079 30.3617 32.0085 33.6958 34.4469 36.3125 32.6359 37.5191 35.5999 38.1805 39.0974 40.9709 36.758 40.1483 41.6469 41.258 42.3028 42.9578 41.6974 46.4992 43.0824 44.7667 45.3238 42.1208 49.276 46.2077 44.0657 46.219 49.9319 46.8929 46.9106 51.5192 49.1265 47.7776 47.4494 49.6535 48.9475 1180.89 
1.00388 2.11763 2.83066 4.2856 5.13474 5.48107 6.98454 7.72081 8.64443 9.46527 9.96594 11.722 12.8175 15.6641 14.073 15.7144 17.4874 17.2461 17.4895 20.1621 20.6964 23.8475 20.8878 22.8332 23.4878 24.0616 25.7613 25.3347 27.2326 28.1097 28.8599 30.8632 31.3919 30.6601 30.0069 31.2186 32.8657 33.5425 35.4614 32.9993 38.0683 35.197 38.315 41.6673 40.2416 35.6168 40.6809 42.1837 41.4338 42.1551 42.2176 41.5875 45.6697 42.3961 43.2356 45.4875 42.3129 50.6 45.1926 44.2538 46.3909 49.6024 45.2239 47.399 51.1109 48.5468 50.4845 48.8444 48.864 48.6159 1185.97 
0.990008 2.14562 2.83869 4.20764 5.17793 5.57026 6.86404 7.79932 8.60072 9.86402 9.74308 11.8706 12.9673 15.4564 13.9321 16.2466 17.4547 17.4801 17.6826 19.5542 20.7969 23.3131 21.363 22.2865 24.1303 24.904 26.2736 24.7727 25.9869 27.4313 28.7902 30.1319 31.6483 29.6787 30.6808 31.2119 33.0958 32.3126 35.7027 34.8286 37.1171 35.8399 39.0787 41.5735 41.2468 35.6645 41.2538 42.0031 41.4918 41.9598 42.1016 42.5002 45.8677 42.5841 42.8779 43.0255 44.9486 50.0752 45.8108 43.9882 47.5916 50.5454 44.5648 45.3003 51.8457 48.8998 49.3341 48.4216 47.9026 48.3532 1188.54 
1.00705 2.17503 2.9743 4.27901 4.96362 5.60504 6.87167 7.98389 8.72601 9.87355 10.1119 11.997 13.0781 15.555 14.1123 16.0719 17.197 17.8548 17.3696 19.2646 21.7134 23.028 21.1638 22.445 24.1124 25.506 26.7439 24.8497 25.8844 26.5632 28.6521 30.7624 31.6085 30.1722 30.668 29.6045 34.3047 32.9299 36.6381 35.1152 37.7501 34.6679 38.7363 40.992 42.3838 37.8987 41.1816 41.9862 42.6855 43.0546 41.1012 41.9745 44.8997 42.9436 43.8888 42.0126 44.4429 50.0677 45.2325 45.3189 46.423 49.3151 43.9261 47.6009 51.8916 49.5825 48.6364 49.4207 47.7173 46.7149 1188.39 
1.00888 2.1162 2.95796 4.38257 4.90345 5.67577 6.63083 8.16077 8.82802 9.73599 9.98988 11.975 12.7045 15.289 13.6922 15.9581 16.8585 17.549 18.0452 19.6611 21.5135 23.1767 22.2769 22.9962 23.0439 25.2533 26.9644 25.2546 25.5593 27.735 29.1132 30.6331 31.745 31.4814 30.8479 30.2557 33.3352 32.8557 35.9006 34.2572 38.8033 36.1017 39.2266 41.0468 41.9241 38.9625 40.0637 41.6276 42.6668 43.8802 40.7685 42.5244 45.1128 42.1921 44.9533 41.9349 45.7784 48.0579 44.0252 46.887 45.3444 49.615 43.9286 45.9799 51.7364 48.7547 48.6615 50.6285 48.2483 46.1295 1186.7 
1.03335 2.1076 3.03094 4.25912 4.75739 5.41844 6.45383 8.3484 8.60799 9.44435 10.0757 11.8389 12.7174 14.9424 13.3943 15.9012 17.1365 17.4627 17.9 19.9741 21.4852 23.095 22.4813 22.819 22.7801 25.0344 26.3295 25.2743 26.1594 27.5773 29.4949 31.512 31.7617 30.6381 31.4712 29.895 33.2325 33.3199 36.6659 34.2514 39.7696 36.9545 38.1257 41.0905 40.3785 39.082 40.4202 42.1427 42.526 43.0787 41.1629 41.7317 45.9866 43.3596 44.3626 42.4023 47.1488 49.5214 45.2349 47.7338 45.8574 48.4973 41.0919 47.7867 52.0985 49.0194 50.1342 51.3873 49.3605 46.4451 1184.51 
1.02967 2.15999 3.03892 4.23571 4.86513 5.5125 6.47887 8.21802 8.90856 9.60744 10.3252 12.0172 12.6136 14.6422 13.7929 15.8975 16.8962 17.6738 18.2686 19.7667 20.7604 23.263 22.4074 22.5984 22.4296 24.4711 26.2006 25.0449 26.8673 27.0813 29.7434 31.6518 32.0946 30.8542 31.7656 30.8907 32.3489 33.3559 36.4932 33.5391 40.9279 36.6129 38.5846 41.2167 38.66 39.9233 40.3175 42.3767 43.295 41.0426 41.7145 42.8163 46.2915 43.8289 45.5045 42.6434 44.461 48.0629 45.6107 49.2403 46.7961 46.9561 42.8844 48.1854 51.6452 49.4014 48.8299 50.8312 49.5927 46.9008 1183.23 
1.00314 2.09325 3.06113 4.21363 4.92801 5.4625 6.40668 8.29274 8.94376 9.69224 10.4533 11.514 12.3251 14.8902 13.9143 15.5035 16.6666 17.3674 18.2805 19.6396 20.608 22.5181 22.8559 22.4147 22.3807 23.8386 25.9386 24.4069 26.8947 27.7961 29.6066 31.5983 32.9484 31.2259 31.7576 30.7664 33.0415 33.4059 35.4013 34.0504 40.067 36.4507 37.365 41.5289 38.3221 37.8303 39.8132 41.6537 42.1537 41.7674 41.6551 43.3907 45.7489 45.2453 44.4136 40.4607 44.2716 49.5112 44.8559 48.8808 47.0193 47.6585 42.6509 48.2728 50.5492 49.0825 49.959 50.799 51.2175 48.994 1180.2 
0.977549 2.09089 3.15313 4.37417 4.90773 5.42427 6.23095 8.48682 9.28498 9.85086 10.607 11.6986 12.0941 14.4919 14.1621 15.7615 17.1222 17.3987 18.5282 19.4935 20.5344 22.3309 23.197 22.9416 22.3332 23.9136 25.5582 24.8678 26.5649 27.8788 30.3904 31.4654 33.033 30.9255 31.8452 30.9983 34.0425 33.7561 35.0351 34.3171 39.7791 35.4198 36.268 41.9322 38.6411 37.9478 40.0623 43.8318 41.2471 41.1216 41.2961 43.3264 46.5885 43.8485 43.7122 39.6675 44.0107 50.0465 46.1056 49.1246 46.451 49.2204 43.1147 50.0799 50.1588 48.6486 50.2097 50.9147 50.2577 47.2549 1181.13 
1.00298 2.0635 3.09093 4.26149 4.85242 5.57135 6.23445 8.28784 9.37791 9.83384 10.8707 11.7505 11.8954 14.5386 14.2255 15.3115 16.763 17.2115 19.0003 19.7674 20.1137 21.8929 23.295 22.9629 22.3818 24.3587 25.4186 25.9877 27.6712 28.019 29.9508 31.1736 32.5287 31.5414 31.4617 30.8298 33.0143 34.1691 35.7277 34.8438 39.7002 34.7263 35.7187 41.4243 38.5028 38.3416 39.8365 42.165 41.5373 41.9035 41.0756 44.1743 46.0833 43.8162 43.6369 41.4029 44.7751 51.1034 46.1938 48.2586 45.4969 48.097 45.4094 49.9498 48.048 49.2267 49.6757 51.2053 52.079 48.0186 1180.58 
1.0105 2.05835 3.15393 4.21382 5.1027 5.5187 6.29431 8.36764 9.24125 9.51845 10.5876 11.7025 12.2278 14.2295 13.9359 15.6577 16.5515 17.5546 18.5742 19.5379 20.4641 21.8206 22.728 22.7251 22.749 24.1773 24.8939 25.02 27.8274 27.6408 29.0286 31.7701 32.3194 32.4077 31.2926 30.6387 32.6574 34.4865 35.637 35.6398 38.2832 35.6579 36.7973 40.3269 37.9002 40.1452 39.8043 42.7625 41.4029 42.1297 40.8981 43.2124 46.5556 43.8668 41.798 41.7723 41.5031 50.9869 44.4601 48.8104 46.4217 47.9608 46.6962 48.5278 46.4118 48.2291 50.2497 50.8948 51.9861 48.9099 1181.33 
0.986531 2.01069 3.06233 4.18441 5.15645 5.75508 6.26053 8.27526 9.28157 9.39394 10.9856 11.9699 12.5778 14.5356 13.8183 16.1227 17.2606 17.7576 19.052 19.3451 20.7163 21.4859 22.7745 21.9797 23.6025 24.0278 24.649 25.0096 27.955 28.4841 28.6753 32.6505 32.7133 32.6431 31.1908 31.2662 31.8954 35.4173 35.9297 36.5192 37.3179 34.8037 38.0706 39.4844 39.1105 40.2562 40.5562 42.5895 41.6922 41.9113 42.0895 43.8796 47.5332 45.3231 42.3778 39.6622 40.4286 48.7592 45.3817 48.9681 46.3921 47.1744 45.9105 48.7006 46.8168 47.7702 47.9353 50.4818 52.81 48.4382 1181.7 
0.99909 1.99924 2.97071 4.30549 4.97354 5.77558 6.25194 7.92028 9.14775 9.47499 10.9921 11.7895 12.551 14.3817 13.7008 15.9831 17.5774 17.6663 19.2485 18.8896 20.1878 20.9792 22.2727 21.8127 24.2253 24.702 24.4665 25.5967 28.5783 27.9625 28.0738 33.7242 33.5241 31.9366 31.2149 32.623 32.2484 36.0582 36.7205 37.0513 37.3552 34.058 36.6622 39.2493 38.9935 40.478 41.4276 42.6695 40.4995 41.1333 41.783 42.8439 46.4777 44.4581 44.284 40.3154 40.1685 48.8284 45.8361 46.6934 48.1918 46.5986 44.2379 48.145 47.8388 49.0643 48.8301 49.4368 53.4897 48.3131 1182.37 
1.00279 1.98807 2.94762 4.25538 4.9262 5.66468 6.42342 7.97172 8.79451 9.50375 10.4678 11.5502 12.5487 14.1258 13.798 15.9388 17.8345 17.6528 19.5594 18.1937 19.9619 20.8501 21.6677 21.4668 24.7665 24.9258 24.2253 26.0524 28.3047 28.0353 27.936 33.2133 34.686 30.9177 31.6106 34.0477 32.8516 35.5343 37.1127 36.6852 38.1872 35.1172 37.1341 38.965 39.4468 40.5877 43.2935 42.4538 40.8414 41.3466 42.039 43.0814 45.8663 44.6601 44.7607 41.1686 41.2449 46.813 44.8429 48.7099 49.0187 46.555 44.8925 48.9865 47.6943 48.3447 48.7734 47.7102 51.5027 48.426 1181.19 
1.01905 2.01239 2.86954 4.32558 4.80936 5.75102 6.64828 7.88239 8.8465 9.33836 10.2639 12.083 12.1996 14.1562 13.9191 16.3576 17.8646 17.5873 19.0361 18.5194 19.9252 20.2603 21.2752 21.3858 24.9389 25.504 23.8419 26.5015 27.9813 27.0745 27.3487 33.5434 33.3182 31.7833 32.0523 35.1304 33.0833 36.4028 36.7181 35.8049 38.7892 36.3086 37.3196 38.4786 38.5925 40.9479 42.658 42.253 40.8959 42.5811 41.2438 42.687 44.5408 44.3721 45.7488 42.9404 41.5984 46.2756 44.6431 47.4159 48.6252 45.5317 44.6778 48.2651 47.8387 46.9642 48.8838 47.8486 50.2188 48.2383 1180.62 
1.00487 1.9896 2.98389 4.39863 4.86139 5.80586 6.74992 7.90787 8.90774 9.4435 10.2135 12.132 12.788 13.8865 13.9759 16.4862 17.6796 17.7362 18.3975 18.6619 20.152 20.0315 20.8983 21.9246 23.9886 25.5702 23.1939 26.3564 28.7252 27.3052 27.6309 33.3457 32.6695 31.6925 31.334 35.5376 33.6067 37.2542 37.4182 35.2287 39.8681 35.7781 37.9741 38.0537 37.3567 41.253 43.0975 41.5452 41.318 44.4041 40.9796 42.8786 43.8842 43.4559 45.7788 43.9465 41.7182 47.5598 45.1103 47.8195 47.8656 46.0374 45.6619 48.1284 47.8138 47.4601 51.9696 48.4656 49.2753 49.983 1179.85 
1.01184 2.01965 2.9665 4.30562 4.86871 5.67939 6.83985 8.05385 8.843 9.615 10.5412 12.1634 12.9412 13.9788 14.4836 16.6471 17.4298 17.8449 19.1327 18.8684 20.7073 20.5267 21.095 21.1749 24.0558 26.1007 23.8848 26.1063 28.5331 26.9596 28.1446 32.7989 31.8317 31.8965 30.6918 35.876 34.2966 36.7749 38.1814 35.3478 39.1187 35.5326 38.1881 36.1185 36.4497 40.9414 43.2286 41.0793 42.1519 43.8516 39.9896 42.6095 45.2202 43.4254 46.2688 45.5498 41.8058 47.0866 44.3278 46.8709 45.2889 46.0124 46.6859 47.8548 48.0085 46.8212 52.0032 49.142 48.6808 50.6468 1178.23 
0.989824 2.00939 2.96738 4.29168 4.95582 5.72044 6.95758 7.96766 9.41213 9.62177 10.2522 11.8836 12.7257 14.0082 14.6871 16.3574 17.0445 17.8239 18.3507 18.6501 20.7156 20.422 21.9882 21.0779 24.0127 25.7881 23.7488 25.988 28.3292 27.5287 28.1183 31.8698 31.6075 32.756 30.3297 36.3329 33.9013 36.3223 37.615 35.1058 38.6959 35.7657 37.5576 36.4703 36.0614 41.3228 42.8044 40.8238 42.6209 42.6769 41.3762 41.9208 45.3191 44.428 45.3118 43.5201 42.7877 46.2045 43.1968 46.0196 46.234 46.1783 46.1663 48.2378 45.7311 46.2722 51.5354 50.7627 48.2937 53.4633 1178.89 
1.00981 1.98674 3.04055 4.15575 5.0192 5.80699 6.99314 7.80128 9.2241 9.73326 10.3314 11.8002 13.25 13.9267 14.6583 16.0936 16.6695 17.9441 18.459 18.7642 20.6816 20.4684 21.0585 21.5118 24.3964 26.0213 23.6576 25.9079 27.8247 28.1123 28.3861 31.3764 31.4734 31.4535 30.7661 37.174 34.2031 35.4233 37.7868 35.86 38.8883 36.2755 36.9547 35.5857 37.3843 41.9466 42.177 41.5323 43.0492 44.0652 41.0358 42.4587 45.2677 43.6567 43.5498 44.3533 41.7568 48.6009 42.8227 46.0085 48.5379 47.2668 47.8617 49.6818 45.1823 45.2697 54.0131 52.4768 46.5651 51.9539 1181.93 
1.02398 1.99998 3.01093 4.09211 5.10293 5.78318 6.98758 7.99268 9.23599 9.60442 10.6524 11.8243 13.7967 13.8592 14.6615 15.9887 16.9439 18.3068 18.303 19.0713 20.366 20.8538 21.6991 20.7554 24.6323 25.8301 25.5672 26.3836 27.7441 27.6745 28.1013 31.2008 32.0593 31.6896 31.3462 36.6367 33.604 35.6701 37.1147 35.0964 38.2824 36.1003 36.5862 35.5913 37.3152 40.0482 42.6998 42.8305 43.3097 43.5737 42.2434 42.7489 43.4071 45.2303 44.0746 45.2217 41.2399 49.3246 42.246 45.6198 47.9596 47.0188 47.0685 48.3114 43.68 43.4068 54.8044 50.3605 45.6994 51.0555 1181.57 
1.03066 2.00138 3.0133 4.10166 5.09768 5.75386 6.72309 7.88464 9.13454 9.72953 10.7255 12.0318 13.7261 13.8123 14.5328 15.926 17.3789 18.1775 18.4167 18.8459 20.8984 20.6678 21.7534 19.9056 25.3775 25.4211 25.8248 26.2111 28.2039 27.5573 27.8908 32.344 30.7472 32.9011 31.0641 36.6274 33.4941 35.2806 37.9449 35.4927 37.9726 36.3824 35.71 35.7357 37.4682 39.9412 43.1132 41.9707 43.7536 42.4301 43.2451 42.5614 42.972 44.8467 42.6331 44.0996 41.214 51.4494 42.53 46.9577 47.1633 46.676 46.0739 48.7826 46.2292 44.4421 56.5248 53.4166 45.4629 50.8476 1183.17 
1.05988 1.95558 3.05324 4.04882 5.06666 5.76414 6.60426 7.8188 9.08834 9.78939 10.6038 11.9028 13.7356 13.4438 14.1791 16.2295 17.0392 17.9282 18.3293 18.8828 20.485 20.7564 21.7479 20.1856 25.2773 25.3628 25.3242 25.8439 27.9186 27.9019 28.5866 32.1185 30.8535 31.9317 30.7289 35.8482 33.8021 36.0226 37.1926 34.9314 39.2687 35.6302 34.7273 36.301 38.1733 39.4053 42.5944 41.0866 43.6217 39.8315 43.5702 41.9825 42.6184 44.8269 43.4755 45.277 41.8492 51.2084 41.9525 45.2498 48.8261 47.133 45.076 47.833 47.0948 45.1844 53.9222 51.9552 46.2724 50.9031 1183.18 
1.04561 1.98038 3.14072 3.98631 4.9153 5.76549 6.81753 8.17333 9.23887 9.80686 10.6865 12.278 13.5063 13.7113 14.0629 16.0147 17.0734 18.2287 18.4257 19.2345 20.1803 20.9805 21.8414 21.4727 25.2427 26.1138 25.0691 26.0775 27.2142 27.6754 27.6749 32.1961 30.1945 30.7673 30.8184 34.9057 34.4952 35.0108 36.8794 35.4514 38.6444 36.0616 34.7849 36.4629 38.2085 39.9089 42.0773 41.6141 41.5123 38.9951 43.8986 40.5298 42.4669 45.1129 42.4579 45.339 42.1566 51.8613 41.7171 45.1185 47.6662 46.336 48.6205 49.2655 45.4411 44.7349 54.1769 51.8015 46.5738 50.746 1184.73 
1.05629 2.03741 3.21912 4.00766 4.84975 5.79635 6.63457 8.03624 9.35081 9.82482 10.6654 11.9206 13.4417 13.8123 14.0905 15.9376 17.3776 18.4007 18.5393 19.1152 20.8162 21.6973 22.5812 21.9995 25.2062 25.6762 25.9859 25.0458 27.5554 26.9404 27.5692 30.6706 31.2054 30.0883 30.4929 34.6943 34.5407 36.3723 35.3607 35.5435 37.4318 36.5408 35.8416 36.8352 39.6172 40.2898 43.4319 41.3024 41.3319 40.8194 44.0699 40.331 42.7105 44.025 42.5242 45.3346 43.0173 50.1331 42.2616 44.9468 46.7737 47.8468 49.9459 47.8883 46.582 46.2231 53.3695 50.2422 46.2812 47.9342 1183.91 
1.05949 2.0287 3.21965 4.11876 4.77754 5.92554 6.66108 7.70133 9.27428 9.9605 10.6769 11.4045 13.2229 13.683 14.7591 16.0004 17.1891 18.3637 19.1544 19.629 20.7711 20.8368 22.4738 22.2303 25.1415 25.5095 26.5501 26.5519 27.9825 27.9782 27.6997 31.5008 31.384 30.3114 30.2856 34.367 32.9594 35.3784 35.0085 34.6457 36.675 35.6446 36.451 36.6673 38.2907 41.4469 42.7165 41.2632 40.8799 41.0347 43.9842 41.7078 43.9551 44.3439 41.7509 44.629 43.6049 48.8748 44.8177 44.598 47.7036 46.5933 48.7621 46.1839 44.7522 48.4533 54.2792 50.2983 46.5702 48.3595 1180.8 
1.09841 2.00347 3.23006 4.17433 4.9331 6.1117 6.77332 7.92307 9.12886 9.88313 10.8043 11.3458 13.4452 13.154 14.7716 16.3695 17.5089 17.8791 19.6454 19.4253 20.0505 21.4484 22.9496 22.3976 25.1158 24.7565 26.5525 26.5431 27.7984 28.1165 28.4116 31.9458 31.702 29.7647 31.7711 32.9332 33.5511 36.1232 34.7951 34.8604 35.9765 35.344 36.1322 36.1972 38.2697 41.3424 42.8831 40.1092 40.5202 40.6872 42.9601 41.5891 43.0701 43.308 42.1069 45.7315 43.1776 49.9793 46.1137 44.269 45.6996 46.1841 48.5565 45.645 43.8698 48.9777 51.4613 48.668 47.755 48.0716 1175.37 
1.06426 1.98766 3.19194 4.07038 4.99488 6.10629 6.66 7.90921 9.11541 9.91064 10.9043 11.62 13.4549 13.4938 14.6712 16.5787 17.285 18.1788 18.919 20.0105 19.461 21.7612 22.9507 22.6118 24.8812 23.5784 26.2151 26.205 27.856 27.887 29.3457 31.9994 32.6928 28.8959 30.7978 32.5687 35.2757 36.557 34.8384 34.8635 35.7301 35.6903 35.4182 36.4027 38.575 40.6307 42.8519 41.0625 40.239 41.9449 43.6335 41.5583 42.7496 43.7857 43.0303 45.4246 42.4457 50.7491 49.3999 45.898 45.7818 45.1896 48.146 45.5586 44.1953 47.7148 52.1051 49.3535 49.1696 48.4647 1175.37 
1.0559 1.98846 3.14976 4.04942 5.01441 6.13471 6.84924 7.89059 9.12284 9.85971 11.4376 11.2014 13.324 13.9363 15.0674 15.7899 16.5016 18.7102 18.9854 19.6125 19.2528 21.617 23.2512 22.8274 23.56 23.8453 26.3158 26.8713 27.9123 27.5447 29.8625 32.0153 33.0186 28.2488 30.7515 32.5547 33.2906 36.0456 35.5067 34.6504 36.7075 36.6998 36.1388 37.1221 38.2741 40.7747 41.887 41.179 40.5866 40.7961 41.6788 41.4371 42.9624 43.7067 43.7805 46.3433 42.5769 50.2512 49.5948 45.1952 45.8036 45.1841 49.2074 46.2772 45.4892 48.9535 51.7061 47.711 49.3395 48.5051 1176.9 
1.0505 1.9973 3.16745 4.03044 5.05539 6.07285 6.90716 7.78783 9.21777 10.1956 11.2973 11.4091 13.4883 14.2995 15.625 15.95 16.3074 18.4977 19.2965 18.8263 19.8452 20.6191 23.2599 23.5221 23.4245 23.7427 26.328 26.3182 28.1279 28.2222 28.8766 32.666 32.7879 28.1864 30.7249 32.7199 33.3297 36.2196 36.9408 35.3988 35.6955 37.2512 35.3755 37.5434 37.9263 39.7319 40.8023 40.4129 41.506 42.1677 40.9543 40.4108 43.8557 44.8229 43.8799 46.0098 42.6992 49.8623 51.5161 44.1062 45.653 47.3009 49.5653 47.5645 46.7139 48.313 52.9358 47.6355 49.4158 49.8788 1174.93 
1.04874 2.02768 3.17812 4.11456 5.02691 6.07788 6.94869 7.9469 9.14501 9.89055 11.5489 11.8727 12.9485 13.9597 15.4993 16.3781 16.5765 17.5512 18.7322 18.7136 19.7793 20.4228 23.0301 23.1173 24.0011 23.9333 26.2477 25.9144 28.1727 28.3563 28.6835 31.9234 33.1271 29.8498 31.4221 31.6716 33.9285 37.2236 37.3486 35.795 35.3202 38.1677 35.4625 36.3185 38.7519 41.381 42.0237 41.4313 41.6433 41.7958 41.9185 41.3003 43.9779 45.6362 44.6005 45.2829 41.9388 50.0053 50.6891 44.8338 46.3761 46.4193 49.6431 48.4858 47.7255 48.0773 54.4513 48.8455 50.1643 48.516 1176.76 
1.05198 1.97816 3.08583 4.2002 5.19093 5.96156 6.50831 8.06653 9.17128 9.84308 11.2201 11.4552 12.8286 13.7997 15.4069 16.1962 16.0793 17.2738 18.6841 18.9058 20.3726 20.2998 22.6113 22.6401 23.6493 24.3836 26.114 26.927 28.4702 28.0767 27.8577 31.0847 32.4341 30.9158 31.1214 32.7589 34.4334 36.289 37.8746 35.8677 35.1346 38.0207 35.7224 36.109 37.9977 41.95 41.4178 41.3712 41.0849 41.2444 40.2769 41.8644 42.7635 47.3459 45.0603 45.1573 42.4981 49.1428 49.9429 45.7058 43.9157 47.099 49.1806 48.9667 47.6175 49.6745 53.5379 48.0975 51.1382 48.2976 1176.34 
1.07005 1.95046 3.17804 4.11852 5.02238 6.03872 6.64615 7.92208 9.25833 9.84115 11.155 11.3608 12.9769 13.7987 15.9635 15.9148 15.6193 17.1927 18.6445 18.5452 20.6304 20.7445 21.7591 22.6345 24.4223 24.8279 25.8184 26.7309 28.9359 27.3668 26.9424 31.1137 32.6873 32.0142 31.6906 33.0033 35.0444 34.9104 37.3647 34.7736 34.5947 37.8944 35.9809 35.6303 37.7109 42.3926 41.2134 39.4108 40.6113 41.0452 41.9901 41.6462 42.5854 47.9956 44.6234 45.8902 42.8243 49.5826 49.2555 47.7076 46.2062 47.2625 49.9765 48.1493 46.1326 49.3181 53.8494 47.7257 49.5925 49.9609 1175.83 
1.05922 1.96805 3.07099 4.08617 4.95637 5.90193 6.69578 8.18762 9.13076 9.67241 10.9947 11.0077 13.2211 14.1559 15.5271 16.4245 16.1061 16.9837 18.5382 18.9808 20.3043 20.3294 22.1054 23.2351 24.1353 24.152 25.3535 26.6651 28.4207 26.3953 27.127 31.4492 32.3295 31.3522 31.4212 33.3131 35.4327 34.698 36.9998 33.6058 35.2669 36.2598 37.245 35.7189 38.0825 41.703 40.6266 39.3944 40.8498 40.2587 41.0792 42.0457 42.9394 46.8399 45.3493 47.3289 43.7221 49.3497 48.6452 46.7102 45.9683 48.7751 49.6971 47.9863 46.2137 46.0041 51.2682 49.0841 49.8812 49.7359 1177.05 
1.04085 2.03298 3.03112 4.20399 4.99749 5.98247 7.0683 8.28897 8.94751 9.76382 11.2398 10.8456 13.1585 14.239 15.6093 15.9656 16.609 17.6453 18.5264 18.0669 20.6107 20.6116 21.8353 23.4174 23.0196 24.1107 24.5407 26.6697 28.2965 25.7796 28.8587 31.1089 31.9729 30.5788 30.7044 33.5999 35.2347 34.0211 35.7007 33.1036 35.0098 36.3033 35.9337 36.6687 38.6329 42.9605 39.7235 40.7152 41.6316 40.7676 40.622 41.7713 44.0086 45.6567 45.385 46.8623 44.1809 49.1226 48.6897 45.975 48.2635 48.9647 51.1927 50.089 45.8076 46.6572 50.6475 47.6157 50.2488 51.9978 1180.8 
1.05848 1.99624 3.01765 4.19851 4.97077 5.83301 6.54265 8.28772 8.81437 9.7714 11.3495 11.361 13.2797 14.0867 15.3448 16.4383 16.729 17.4294 18.3706 18.2779 20.1088 20.4992 21.9173 23.0589 22.458 24.3294 25.2386 27.0389 28.7261 26.793 28.5869 30.6839 31.4543 30.6672 31.466 33.2777 34.4387 33.7288 35.1627 33.328 34.6011 36.98 36.8123 37.6228 40.1374 43.0691 39.1436 40.2474 40.9893 40.7519 41.2918 39.4102 45.0943 45.3156 46.3385 48.1447 45.3705 48.271 46.3394 44.4827 48.9501 50.1656 50.7298 50.8408 46.443 47.2339 48.3559 47.0855 51.2061 53.004 1178.22 
1.05635 1.97819 3.10725 4.21985 5.05276 5.96418 6.66131 8.32572 8.51671 9.91769 11.448 11.297 13.1686 13.8676 15.5127 16.3378 17.7638 17.1042 18.6467 17.7041 20.1534 19.968 22.1516 23.0774 23.1294 23.6124 25.1498 27.1728 28.0401 27.5702 27.8716 30.2668 32.4657 31.0791 31.6873 33.7595 34.6074 32.8125 34.2903 33.2931 35.1449 36.6986 37.9053 37.8606 41.1081 43.1519 39.34 39.8249 41.3528 40.7085 40.8494 39.1522 45.5831 45.5447 46.3372 46.6927 45.5766 45.7054 46.2127 43.8432 49.6135 51.113 49.9477 49.8405 46.6923 48.9183 49.1947 47.8986 51.5395 50.3767 1175 
1.04175 1.95237 3.15911 4.28152 5.05755 6.20349 6.52426 8.13781 8.49881 10.0686 11.5148 11.3944 12.9327 13.6903 15.0654 16.4609 17.2566 16.9213 18.9206 18.0805 19.9255 20.3705 22.1902 22.8423 23.508 23.4235 25.7524 27.3942 28.3087 28.5817 28.273 30.174 31.863 30.6012 30.9421 33.1149 33.2263 34.1743 33.6685 33.005 34.5938 36.0923 36.9317 38.7542 41.1959 43.0059 39.4475 40.2664 43.072 41.2521 42.1986 38.7287 44.0022 46.087 43.1517 45.4932 44.7072 44.23 46.7252 43.4589 49.1018 50.0481 49.7758 49.5204 47.9755 48.758 49.8053 47.644 50.9895 49.8726 1176.23 
1.04663 1.99079 3.18354 4.24002 5.03152 6.21532 6.61484 8.24273 8.49132 9.77993 11.2982 11.293 12.9826 13.791 15.2932 15.8771 17.1266 17.2723 18.7511 18.4874 20.5309 19.8452 22.5304 23.3865 23.483 23.2037 26.569 27.159 29.0528 28.3016 29.3 29.3801 31.2603 30.2805 31.0347 32.9199 34.4718 33.7431 33.1047 33.8903 33.6553 35.9288 37.6985 39.9611 41.1419 42.6702 40.0493 39.8194 42.5179 41.6745 41.9262 38.7626 43.8746 45.4421 44.1467 45.5996 43.4342 45.8118 48.226 43.3321 48.6027 49.4495 48.5541 50.5766 50.3735 52.0586 48.7793 48.985 49.3104 50.0042 1175.16 
1.02481 1.97415 3.14847 4.24058 4.99363 6.29797 6.48564 8.06936 8.43774 9.79755 11.2585 11.6168 13.1733 14.3274 15.4276 15.7504 17.1604 17.2814 17.8385 18.5358 19.915 19.4361 21.9599 24.2001 24.317 22.3251 26.5063 26.2356 28.6319 27.6722 28.8907 28.9699 30.7257 29.8077 31.8016 32.2951 34.918 33.8541 33.3072 34.351 34.7041 36.4183 38.0036 39.0516 40.8179 42.1033 39.9616 40.1619 42.5112 40.2797 42.9763 39.9024 44.3222 43.7353 44.4753 44.7476 45.2205 45.5729 47.6062 43.0968 48.8081 48.6533 49.3968 52.0829 47.858 50.3469 47.6339 48.3318 50.6697 50.3412 1175.98 
1.02998 2.01163 3.21811 4.16964 5.05471 6.10332 6.30817 7.86667 8.38834 9.93773 11.4151 11.6323 13.3615 14.152 14.8924 15.7592 16.6755 18.1631 17.489 19.2506 19.6794 19.7268 21.922 25.1317 25.0747 23.2733 26.4614 26.1327 28.0625 26.7095 28.5845 29.1649 31.1778 29.8526 32.5851 33.9186 34.4058 34.4828 34.2849 35.2582 34.9584 36.5754 39.0364 39.2047 40.8537 42.5423 39.3286 39.7059 41.6074 41.3769 43.4826 39.8155 43.6066 44.8152 44.4546 44.0872 45.234 43.9005 46.4143 43.8152 47.7096 50.1843 49.1259 51.2513 50.2551 49.4918 48.2282 47.6786 49.855 49.4771 1177.58 
1.02406 2.05485 3.23568 4.16241 5.25918 5.95437 6.47874 7.97834 8.61547 9.84592 11.4217 11.3471 13.1504 14.0263 14.7212 15.6442 17.0341 17.8518 17.6165 19.547 20.1355 20.4874 22.0808 25.8905 25.9513 23.9646 26.6107 26.5554 29.5094 27.6182 28.3342 29.854 30.4034 29.7552 32.8195 34.4566 35.6937 34.131 35.4769 34.4731 36.0557 36.7483 39.6033 38.5468 41.7825 41.3387 40.7717 39.0007 41.3229 40.8846 43.1051 40.3314 42.3647 42.8309 44.1753 43.9465 44.1332 44.3838 45.8589 43.9097 45.5044 48.9173 50.3524 51.601 48.9742 49.7521 48.7279 48.272 50.4063 50.7179 1178.06 
1.02062 2.02518 3.23378 4.20597 5.02346 5.87676 6.64721 7.98681 8.73332 9.93564 10.937 11.1204 12.9244 14.1776 14.9763 15.7506 17.2627 17.1439 18.47 19.1341 19.8221 20.8611 23.1299 25.4982 26.1249 24.5527 26.4067 26.394 28.8353 26.8211 27.7407 30.9048 29.9063 30.7466 32.729 35.2132 34.6374 34.2389 35.4138 34.2214 36.1922 37.0862 40.4435 38.2663 42.4749 41.2067 41.1721 39.1792 40.6292 41.1051 42.7353 40.4115 43.9841 43.265 43.1626 42.3159 43.4994 44.3207 47.306 44.5565 45.4726 47.384 49.1885 50.6254 49.8429 48.3597 48.9132 49.4491 50.437 50.3566 1175.17 
1.00954 1.95693 3.23617 4.15536 4.83193 5.88819 6.70144 7.89473 8.53227 10.1249 10.675 11.0876 12.816 14.4 14.8007 15.9157 17.0221 17.217 18.3898 19.2745 19.9466 21.4885 22.6078 25.5089 25.8142 24.4806 25.3762 26.1708 28.2407 26.5912 27.7834 31.6686 30.4156 31.7499 34.268 35.488 34.704 34.0776 34.536 33.7563 36.9882 36.2991 38.9112 38.4342 42.0838 41.4931 40.7724 39.4288 42.0384 41.1971 43.0208 42.9171 44.1884 41.817 42.3356 43.2377 42.2117 44.7659 46.6124 45.0356 46.1071 46.5724 47.7227 50.0008 50.4707 49.8429 48.6366 47.6421 49.5665 48.3205 1174.09 
0.994945 2.01538 3.14996 4.20895 4.79626 5.72892 6.7678 7.71292 8.59544 10.532 10.7958 11.166 12.9481 13.9436 14.9359 16.0421 17.2346 17.502 18.0242 19.3149 19.8275 21.0534 22.8176 24.8362 25.6107 24.8566 24.6996 26.0912 28.8815 26.8858 27.5699 31.3448 29.7525 32.2442 32.4416 35.0975 35.2964 34.3325 36.0707 34.4514 38.1153 36.3442 37.3909 38.6402 41.3014 40.3751 41.5231 39.3048 42.9476 40.9354 42.608 43.3605 44.1088 40.5099 42.633 44.2712 42.7188 46.0837 44.7463 46.0169 44.6116 46.5278 49.0872 49.9488 51.5658 48.9212 48.3692 46.5522 50.6566 49.4238 1174.23 
0.989571 2.01618 3.08397 4.29826 4.78878 5.81824 6.70751 7.63491 8.55227 10.493 10.9228 11.0627 12.7885 13.6594 14.6922 16.0244 17.5661 18.0025 17.6932 19.1381 19.9085 20.5554 23.1041 24.6569 26.0283 24.869 24.2842 26.8752 28.6466 27.332 27.4678 31.4964 29.3956 32.2846 32.4312 33.9133 35.0655 34.8597 34.8238 35.0134 38.0819 37.321 37.3235 37.4153 41.1372 41.1186 40.565 39.3637 42.7765 39.8993 43.8805 42.9098 44.1233 42.1836 42.173 44.8365 40.4651 45.4323 46.9595 46.3616 44.7201 44.2219 49.5197 48.6835 51.8292 49.1893 50.5097 47.8481 51.7631 50.1946 1172.06 
0.985063 1.99819 3.0352 4.16282 4.76209 5.67799 6.6453 7.67753 8.82444 10.3798 11.1536 11.0983 12.5915 13.9903 14.8141 15.7731 17.0401 17.5177 17.0033 19.4372 19.9581 21.1098 22.6056 24.7548 25.3287 24.6623 25.0341 26.428 29.1172 26.6695 27.5136 31.1416 29.7771 32.7545 31.7813 34.2188 34.9701 34.4386 34.4393 34.1294 37.8661 36.7671 38.41 38.2118 40.8247 41.5886 39.6176 37.8379 43.6997 39.6526 42.9614 42.6653 45.0872 41.4356 43.0766 44.4841 41.4779 45.661 46.9091 45.9465 43.8746 43.6883 49.1744 47.4906 50.6782 49.0833 50.6538 46.6413 51.6709 49.9654 1171.39 
0.955583 2.02003 2.96953 4.08515 4.79463 5.73909 6.89553 7.81256 8.89979 10.3057 10.9472 11.0944 12.5192 14.1551 15.0805 15.741 17.1419 17.3986 17.1671 19.4145 19.8786 21.3416 22.2244 24.4516 25.073 24.8973 24.3564 26.1119 28.6114 27.4443 27.6849 30.6154 30.0072 32.6711 32.7279 34.5154 34.9317 34.1054 35.7841 35.7547 37.1629 37.5919 38.5289 37.3426 41.5379 40.7147 38.1725 38.0685 44.8842 40.3987 42.6716 42.1463 44.9693 41.788 43.7734 43.6127 42.2568 45.7344 46.3425 45.2668 45.1589 44.4331 48.7852 49.0415 50.551 48.6999 50.6782 45.6486 52.3327 49.2334 1168.6 
0.93718 1.94117 2.9393 4.15041 4.95538 5.57657 6.87474 7.80212 9.03691 10.1597 11.0614 11.1482 12.6941 13.9106 15.0396 15.3955 16.6561 17.7758 17.1481 19.4884 19.9658 21.3474 21.8974 24.5665 25.0422 24.5105 24.3186 26.2231 28.7864 26.6855 27.3694 30.3275 29.9512 33.0122 32.6496 34.2039 34.6377 33.7038 35.7806 36.3901 38.0851 36.9405 39.2249 39.1337 41.0708 39.3012 38.6782 38.2549 45.0548 40.6014 43.5061 40.6862 44.9149 42.3387 43.6989 41.9514 44.032 47.7745 46.6132 45.7553 45.4304 45.4069 49.9567 49.2472 49.4743 48.5634 49.9231 45.3281 52.2848 48.0257 1169.15 
0.955313 1.93557 2.90664 4.10537 4.9818 5.5494 6.81263 8.12456 9.03491 9.94081 11.0294 11.1118 12.5316 13.7881 15.0302 15.1369 16.5022 17.5874 17.7865 19.3757 20.105 21.4817 21.5313 24.0873 25.2364 23.6074 25.033 26.3162 27.8016 27.3901 27.9014 30.7622 29.7456 34.354 33.1968 33.3331 34.3006 33.2722 35.761 35.7081 38.2421 36.9761 39.8597 39.3096 39.6872 39.5856 39.3451 40.8781 44.8012 41.9936 42.0651 41.0835 46.0991 42.6421 43.4613 41.7105 44.4937 47.2587 46.3284 46.2753 46.4988 44.9662 49.1544 47.3878 48.7061 49.9155 49.5489 46.5786 52.4707 48.6462 1171.48 
0.965915 2.00983 2.81352 4.09704 4.8511 5.84668 6.89971 8.07903 9.41148 10.2323 10.9817 11.4846 12.5945 13.7578 14.9667 15.4469 16.5427 18.1607 18.2858 19.3659 20.3284 20.7611 21.5933 23.9547 24.7614 23.5884 24.6767 26.1355 27.4533 27.5755 27.4626 31.5926 28.271 33.683 32.3694 32.5006 34.4879 33.8234 36.6805 35.3194 37.1962 37.4125 39.1792 39.5882 38.245 39.6088 39.3263 41.8065 43.6988 40.4886 42.3577 41.1352 46.2889 42.668 43.9506 41.7264 44.1243 48.0152 47.8848 46.2383 45.7484 43.7885 49.2744 47.1867 49.1077 47.6695 50.2124 46.4693 52.0358 49.263 1172.14 
0.980482 2.00702 2.80019 4.07791 4.90273 5.88329 7.01856 7.91481 9.42546 9.94978 11.0387 11.9239 13.2402 13.4414 14.9982 15.638 16.9212 17.8415 18.552 19.6758 19.8611 20.7301 21.9892 23.5677 24.7426 23.7458 24.8322 25.5841 28.0329 27.2351 27.5483 30.4262 27.7354 33.3835 32.8171 32.7852 34.784 32.9738 36.7284 34.8861 37.5015 37.6601 40.1782 39.8012 37.8537 40.9097 39.9789 42.3776 43.66 39.8203 41.8476 40.4195 46.1446 42.4316 43.613 42.0343 43.3995 49.7372 46.6842 45.918 47.0414 43.9382 46.9491 48.8533 50.809 47.6263 51.2198 47.4113 52.4674 47.3512 1169.8 
0.959881 1.9786 2.86175 3.99702 4.90817 5.79343 7.11842 7.84805 9.29345 10.0564 11.1947 11.7718 13.2608 13.2168 14.7129 15.6059 16.7734 17.7688 18.8931 19.7762 19.6045 21.2574 22.5882 23.7595 25.0788 24.0079 25.4951 26.2839 28.5731 26.9939 28.615 29.999 27.1066 33.7092 32.0068 32.9287 34.0113 33.1687 35.8504 35.1937 37.9094 38.0142 39.1579 38.0729 36.9629 41.5967 39.7145 43.0794 44.2387 39.8932 41.7376 41.3986 46.489 43.8512 42.9283 41.7785 43.5965 50.0911 45.4206 46.5979 47.5836 44.0878 47.4377 48.9995 50.2512 47.874 51.0019 46.5776 52.486 47.4497 1166.77 
0.973182 1.9588 2.94498 4.07776 4.86065 5.93773 7.03166 7.66779 9.23811 10.1417 11.2643 12.0868 13.4681 13.2284 15.0059 15.2958 16.2303 17.7775 19.2683 19.9609 19.4958 21.1087 22.2182 23.2981 25.6665 23.7979 25.7855 26.4 28.1039 26.7981 28.3285 30.0124 27.7391 31.9173 32.7713 32.5392 33.5766 33.5084 35.0813 34.6569 37.9354 36.9669 40.4492 37.6636 37.0027 39.6251 39.0994 43.4265 45.1744 39.7979 42.1417 43.1052 45.9693 44.0407 43.1826 42.0592 44.7665 49.4128 45.8144 47.8729 47.0999 45.9288 47.4318 49.3832 48.917 48.5312 50.6168 46.9315 52.4434 47.3807 1170.03 
0.990707 1.93404 2.97396 4.13668 4.95755 6.03878 7.09636 7.77846 9.15179 9.89676 11.2121 11.7942 13.415 13.3235 14.8725 14.8455 15.9611 17.9243 19.1338 19.273 19.2565 20.8923 22.2887 23.6294 25.3276 24.704 25.2674 26.624 29.0738 27.456 28.4868 29.4987 27.7318 31.7735 32.1505 32.8753 33.5626 32.9752 34.9455 35.9622 37.7183 36.5575 41.2785 36.4123 39.0474 38.9192 38.416 43.3596 42.6803 38.519 41.9482 42.7139 44.7729 44.9457 44.0085 42.2434 45.0579 50.6994 45.5328 48.9698 46.8468 46.7789 46.8362 50.0988 48.4951 49.8137 51.0401 48.7009 53.1269 48.3172 1171.2 
1.01107 1.96126 2.88325 4.08591 5.03187 6.2164 7.10514 7.6537 9.05148 9.92652 11.0508 12.0062 12.9204 13.186 14.9873 14.5783 16.1676 17.9137 19.2968 19.4867 19.2277 21.1157 21.9288 23.1736 24.9785 24.4026 25.0346 27.1547 28.586 27.8872 28.843 29.7086 27.9321 31.0059 32.7651 31.6011 34.1268 33.7296 34.1249 34.7076 37.7811 37.7645 41.0555 36.2678 37.4754 39.7149 38.4631 43.6974 41.5639 39.6138 41.8093 43.4206 44.316 44.0313 44.6377 42.5462 47.0654 50.8358 44.8803 50.2117 46.1827 46.9295 45.3155 50.2481 46.8493 49.0229 50.4599 50.1897 50.9804 49.6953 1171.2 
1.02948 2.00428 2.94868 4.2539 4.99771 6.02449 7.00472 7.67284 9.02557 10.2007 11.4057 12.2564 12.9612 12.8459 15.3469 14.6111 15.7612 18.3488 18.9476 19.4311 19.3163 21.4524 21.5162 22.4845 25.0333 23.7605 25.6423 27.2087 28.8959 28.2361 28.1667 29.2043 27.9244 31.2431 32.6116 31.1359 34.2717 33.926 35.0026 34.3101 38.5025 36.8594 40.7858 36.3672 37.6262 39.9384 38.4817 43.5446 41.8749 39.9831 43.2229 45.3304 43.8291 44.6202 45.7039 43.3734 47.3518 51.4192 45.4258 50.9096 44.3821 46.9321 45.8752 51.3821 46.3307 49.0322 50.9028 48.2188 50.0807 49.2169 1172 
1.02448 1.97894 2.97247 4.24765 5.03923 6.28966 6.89142 7.63286 8.89863 10.2208 11.3891 11.9632 12.9793 12.9548 15.1209 14.8982 15.5989 18.0639 19.1894 19.384 19.3205 21.2805 21.8335 23.2591 25.0479 23.1658 25.5434 27.0263 29.5776 28.6782 28.8795 29.48 27.623 31.9111 33.3634 30.9495 33.3233 33.6455 34.2197 33.9591 38.6647 36.8962 41.5302 37.3987 37.8771 39.5861 38.3353 42.6051 41.3841 39.8983 41.4734 45.9493 43.3535 45.0393 46.4417 42.9428 47.1937 50.1785 44.7997 50.5686 45.7457 47.7313 46.0235 52.063 47.0354 49.5827 51.519 47.2743 50.7533 48.3303 1170.96 
1.04332 2.01052 2.96174 4.18794 5.02347 6.23891 6.99434 7.85741 8.79818 10.1007 11.2056 12.0716 12.825 13.0707 15.1654 15.1627 16.0613 17.4199 19.4418 19.2084 19.2057 21.8248 22.0068 23.18 25.07 22.6089 25.1425 27.362 29.455 27.9155 29.2977 29.0297 29.2593 32.1398 33.2521 31.7769 33.3445 32.5721 34.5923 33.8934 38.0501 36.4234 40.5714 37.9003 37.6987 39.4507 37.9918 43.2806 40.4345 39.6953 42.3765 44.7102 43.7979 45.2214 45.907 44.0807 48.2501 49.6762 44.5894 51.3599 45.9567 48.5753 47.2793 51.7616 47.2137 48.8621 50.4699 47.2302 52.6602 48.1024 1171.71 
1.05263 2.01784 2.90673 4.23231 5.00992 6.0335 6.62696 7.93272 8.97586 10.2407 11.1423 12.0256 12.6781 12.9679 15.5022 15.2487 16.6596 17.7877 19.5043 18.9012 19.0633 21.6791 21.6568 23.9787 25.1818 22.9341 24.8634 27.0838 29.3721 27.803 29.4852 29.5728 30.0007 32.3577 32.7217 32.7173 33.0911 31.8424 34.4974 33.9109 38.9167 36.7777 40.8757 38.826 37.1369 38.2865 37.7711 44.0408 39.2263 40.1279 42.2122 45.0441 43.5815 45.9919 47.2119 44.0384 47.6484 48.907 45.3532 51.4451 47.3446 49.0655 46.9234 51.0873 48.2402 48.6878 50.2586 46.8701 51.8551 48.6726 1170.61 
1.03256 2.06304 2.90871 4.24287 4.89942 6.20219 6.75703 7.59076 9.09455 10.2332 10.9457 12.1197 12.9291 13.0607 15.4424 15.6583 16.5125 17.784 19.13 18.6629 19.3497 22.1265 21.6316 24.3616 25.8734 23.1788 25.2326 26.4609 29.3161 28.2884 29.167 30.4414 30.6007 31.4402 33.2362 32.4728 33.217 31.7181 35.1833 33.9699 38.4219 36.7298 41.2647 38.1236 35.8888 38.6656 37.8611 43.7721 40.2529 41.8822 41.9652 43.5513 44.6313 47.4234 47.713 43.3922 47.4421 48.7572 44.9075 51.3681 47.8473 50.1275 47.8222 51.2173 49.4719 48.112 49.1921 47.6521 53.9043 49.2706 1174.73 
1.05132 2.01855 2.88195 4.23536 4.92997 6.25495 7.00794 7.92094 9.12973 10.2307 10.649 12.136 13.2168 13.2331 15.5815 15.8407 16.6177 17.5573 18.9603 18.8326 19.7512 22.0973 21.1415 23.9302 25.9761 23.5807 25.1585 27.6555 30.0092 28.5378 27.8449 30.668 31.2964 31.8511 33.0771 32.2684 33.1869 32.7854 36.2091 34.4061 38.5671 36.4592 39.5434 38.1343 37.2916 38.3041 37.7331 43.9711 39.658 40.2001 40.3381 43.7054 45.9859 45.641 47.8088 43.2772 47.8505 48.202 45.7664 52.1787 49.1257 50.0417 47.0771 50.4239 49.4286 47.7953 50.3642 49.3898 53.8362 48.7713 1177.95 
1.01665 1.99983 2.81148 4.21387 5.01569 6.24373 7.26471 7.99759 9.07409 10.6542 10.6304 12.25 12.8349 13.6343 15.0174 15.7181 17.1099 17.2826 18.8145 19.3074 19.7041 21.3959 21.5888 24.1742 25.0454 24.1832 26.2361 27.4222 29.2281 28.0639 27.9602 30.9157 30.8688 32.19 33.2613 32.846 33.6162 33.0645 36.1894 33.9075 37.9396 37.7239 38.8242 38.039 36.5967 37.2569 39.1459 43.4872 40.4186 40.5533 39.3449 44.0736 47.0728 45.3089 45.0571 43.7963 47.7867 47.9993 44.38 51.7624 49.892 49.8063 45.9937 50.3066 47.7112 48.0075 49.9202 49.3657 54.6988 48.1816 1178.35 
1.02788 1.99003 2.8965 4.16259 4.91846 5.89723 6.98843 8.17158 9.0924 10.4439 10.8398 11.7726 12.8805 13.4426 15.5638 15.7966 17.0284 16.8238 19.0299 19.1861 19.8388 21.6035 21.6277 23.9549 23.7972 24.765 25.7762 26.8393 28.4679 28.468 27.8355 30.6579 30.8598 32.5962 34.1626 33.5372 34.9935 33.3857 35.8348 33.5933 39.0837 38.3915 38.2594 38.9279 36.297 37.844 40.6891 42.0108 39.9045 39.6685 41.5046 43.0253 44.9762 44.1209 44.7134 43.649 45.809 47.2216 44.0771 50.2121 50.0295 50.2132 46.3549 50.7051 49.3026 48.4985 50.1805 51.7426 53.9176 50.288 1180.61 
1.04861 1.97453 2.97621 4.0814 4.9621 5.74283 7.00489 8.04737 8.87727 10.5591 10.9284 11.245 12.802 13.6804 15.7861 16.3843 17.2768 16.7706 18.851 19.8343 19.8238 20.6675 22.7774 23.7685 24.1669 25.3553 24.9978 26.8473 28.0345 28.2237 28.7208 30.3125 31.332 31.8985 33.0998 34.4368 34.6175 33.8051 35.1147 34.0982 39.1144 39.5799 39.4772 38.9073 35.3702 39.0152 41.8059 42.6197 40.2388 39.2172 41.4193 44.112 45.0582 44.058 44.206 44.1328 45.0478 44.5459 45.9429 49.1659 49.1037 49.4917 47.5932 50.7048 47.25 47.5409 50.616 52.1314 50.9025 48.8458 1176.42 
1.03232 2.02725 2.96473 4.16402 4.94324 5.87843 6.98295 8.08189 8.63539 10.452 10.4854 11.7711 13.0272 13.7904 15.453 15.7985 17.3757 16.726 19.2963 19.9655 19.1097 21.4135 22.6479 23.7771 23.2926 25.3964 26.0773 28.1194 28.0781 27.7483 29.842 30.5008 31.1165 31.3632 32.0582 33.7663 35.0641 34.6954 35.94 33.5507 39.5467 39.7006 41.7277 39.2711 35.6651 39.803 40.9439 42.1604 41.0369 40.5412 42.5433 44.0591 44.9357 43.7557 44.4863 44.4771 45.7317 44.7525 46.4416 49.1481 48.4817 49.0359 47.9316 47.4637 46.3351 48.7361 48.4981 52.8094 50.1519 50.878 1177.07 
1.04114 2.07288 3.03781 4.24686 5.07097 6.0656 7.25701 8.18578 8.67982 10.5191 10.4355 11.7034 13.236 13.592 14.8564 16.134 17.6245 17.0655 19.6164 20.0168 20.2298 21.3348 22.8364 23.4214 22.8988 25.0182 25.8765 27.7384 27.1986 27.7786 29.7408 30.1571 32.2066 30.6089 30.9574 33.3557 35.1533 33.8298 36.7441 35.0998 39.8449 39.3443 42.7298 38.6327 36.0003 39.7317 41.0117 42.1396 40.3872 41.9117 42.37 42.4996 44.8972 43.6422 44.9074 43.1631 45.4293 45.6607 47.1792 47.7254 49.7521 49.5067 48.3738 46.9171 47.2162 47.501 48.2018 52.2079 49.373 48.7185 1172.17 
1.04436 2.0486 3.08454 4.14869 4.94173 6.10105 7.22551 8.19822 8.78681 10.1491 10.7638 11.2368 12.9813 13.7767 15.2869 15.8131 17.3619 16.9144 18.9582 20.2102 20.5151 21.0795 23.1984 23.2564 23.0368 24.2801 25.4981 27.7883 27.0124 27.8334 29.0891 29.7453 31.355 32.3795 31.2569 34.0947 35.3389 32.9303 34.8115 36.738 39.372 39.0104 42.1102 37.3877 35.5572 40.0549 40.4233 41.2573 40.9015 43.0581 41.4636 42.0289 44.3284 43.9495 45.7306 42.8788 44.3572 46.2405 47.2102 47.4687 49.159 47.553 48.6529 47.5959 46.879 47.4705 49.2306 52.1311 50.0599 49.8541 1171.69 
1.03216 2.06157 3.07862 3.9987 4.84222 6.13639 7.19956 8.2161 8.89041 10.0369 11.0414 11.0901 12.9603 13.9717 15.2464 16.35 17.6398 16.333 18.7142 20.1918 20.2268 20.8579 23.078 23.2906 23.481 23.8875 25.6538 28.6026 27.7425 27.4258 28.6096 29.8217 30.8357 31.5466 30.8853 33.549 36.9357 32.4727 35.127 35.8109 38.4942 41.0577 42.251 37.4994 36.3843 42.4097 40.1221 41.4339 41.5066 42.0331 40.4934 40.3904 42.8779 44.2038 45.3157 42.553 43.3825 45.9881 47.2133 48.0452 48.657 46.9984 49.3738 47.0168 46.4076 47.8337 49.7116 50.7469 49.4542 51.0183 1171.26 
1.01779 2.07737 3.04947 3.96274 4.98693 6.20916 7.35517 8.11014 9.06223 9.94203 11.2145 11.1007 12.6098 14.2099 15.2394 16.6772 17.9862 16.7045 18.8204 20.4936 19.9509 20.7806 22.9438 23.5501 23.9132 23.674 25.614 28.3838 27.8167 27.2801 28.0166 29.4662 31.2638 31.0448 29.8706 32.9462 36.4295 32.5038 33.0493 36.1073 37.8981 39.7926 42.1425 37.8263 36.3949 43.0575 38.287 41.4219 41.3215 42.9809 40.2032 39.7314 43.1797 44.6921 44.1351 43.6957 44.6521 45.1646 45.1539 49.2918 48.5793 47.807 48.3223 47.6171 48.0036 47.0975 50.3623 50.5102 49.6949 49.6388 1172.59 
0.99604 2.05053 3.12823 3.83631 4.99964 6.17201 7.18435 8.17356 9.12312 9.94142 11.497 11.1082 12.7798 14.5415 15.24 16.2386 18.1194 16.8649 18.7637 20.6409 20.5798 21.1228 23.4549 24.2944 24.2845 23.892 24.3737 27.9532 26.6935 27.6541 28.673 29.2722 31.4171 31.1417 29.5443 33.1843 35.9707 32.1925 33.1321 36.5397 37.0015 39.8275 41.5078 38.7921 37.4855 41.5761 38.7539 41.0808 41.3176 43.8667 41.4224 40.0359 42.5614 43.8144 45.3226 44.3837 45.2843 44.7792 44.741 49.2719 50.2197 48.075 47.2071 48.1029 47.2278 48.1099 48.6704 50.5846 48.3977 48.74 1173.22 
1.00681 2.03308 3.06814 3.88105 4.8431 6.09861 7.20566 8.37653 9.14661 9.96705 11.6557 11.3409 12.4614 14.7928 15.0919 15.5794 18.0871 16.789 18.4057 20.5189 20.5719 21.7955 23.3105 23.919 24.4027 23.1507 24.8301 27.5773 27.2602 27.7873 27.8839 29.9704 30.7807 31.3172 29.6363 33.3117 35.7307 33.032 33.3032 37.5877 36.1052 38.5414 41.6789 39.3785 39.0408 41.715 39.9683 40.776 40.5691 42.4629 40.7656 41.7532 43.117 43.8447 44.6307 43.6966 45.2042 44.3963 44.5503 48.8316 50.2918 46.975 47.0643 47.5387 47.5929 47.4555 49.1999 48.4901 47.9757 50.4457 1171.01 
0.999636 2.02293 3.05858 3.8247 4.73517 6.16156 7.25216 7.95923 9.11381 10.4091 11.6585 11.8526 12.0642 14.6207 14.5846 15.5355 17.9966 17.3513 18.7676 20.6591 20.9212 21.4837 23.6634 23.1171 25.0286 23.5013 25.8215 27.272 26.8659 28.0308 28.2886 29.9406 30.403 31.653 29.6794 33.256 35.507 33.4166 34.2823 36.8076 36.2533 37.35 41.2956 40.6065 39.9996 40.7485 40.2863 39.9051 41.369 42.8798 41.5794 42.0555 44.2785 45.257 44.3107 44.5958 45.1597 45.7278 43.3877 48.7907 49.8937 45.8556 47.7703 48.497 48.7404 47.9756 49.2543 46.9933 46.1634 50.4836 1172.96 
0.988868 2.0747 3.15066 3.7257 4.58332 6.22223 7.14619 7.79611 8.86448 10.4343 11.817 11.6428 12.0376 14.8392 15.0985 15.497 17.4045 17.4271 19.3208 20.0076 21.359 21.4256 24.0301 22.5829 24.9086 23.842 24.4561 26.5706 26.9546 29.098 28.7174 30.0452 29.6328 31.7455 30.7708 33.6136 34.4575 31.7358 33.8297 37.4949 36.0063 38.2652 41.2766 39.7405 39.5665 40.1617 39.5685 39.8837 41.5692 41.9377 41.6267 44.3825 44.6018 45.2511 43.9823 46.5144 43.307 46.2936 43.368 47.3231 49.3856 46.1266 48.4591 49.8499 48.8773 49.7016 49.1759 48.0042 45.4171 48.1061 1179.32 
0.963188 2.05696 3.13714 3.7907 4.68093 6.07865 7.32453 7.92214 9.14276 10.2945 11.832 11.7501 12.0367 14.8444 15.0905 15.6566 16.747 17.29 19.0617 20.0275 20.5274 21.4356 23.7108 22.4574 24.5463 23.8937 24.813 26.6646 27.4784 27.4561 29.3711 30.3131 29.6765 30.786 30.5818 34.8501 33.8834 31.9983 33.2499 37.7831 35.1345 37.641 40.7865 39.039 38.5191 41.5102 40.0292 40.0285 42.3994 41.8937 42.9697 43.6261 43.1364 44.7154 41.8602 46.4208 41.3566 47.406 43.7371 48.3091 49.5946 45.9198 47.8841 49.9719 48.1313 48.5181 48.9222 49.2141 45.1751 49.3322 1175.26 
0.95985 2.08622 2.99378 3.79541 4.73654 6.18288 7.09961 7.84726 9.18007 10.4417 11.6403 11.7517 12.5064 14.3556 14.8386 15.624 16.8533 17.7789 19.4319 19.9613 20.2074 21.6567 23.3117 22.2841 24.3533 24.5533 24.325 26.296 26.9407 26.5414 29.5873 31.0706 29.8823 30.4931 30.1655 33.8122 33.9839 32.7898 34.8814 36.5181 35.9959 38.5736 40.05 38.1165 40.3853 41.7177 40.5213 40.221 42.2536 40.5883 41.91 43.576 41.0771 42.3838 41.0518 46.5265 41.3315 46.3269 42.068 48.4685 49.8546 48.0574 48.351 50.2029 48.9729 49.7656 47.2593 47.5731 45.3368 49.3357 1179.42 
0.96126 2.07489 3.02482 3.69672 4.54366 6.26582 7.11381 7.82136 9.08036 10.3159 11.1887 11.404 12.5385 14.0358 15.1325 15.2521 17.1742 17.5896 19.7436 19.6057 19.7255 21.9404 23.3812 22.6444 24.1538 25.1331 24.496 26.8309 26.7568 27.4016 29.3735 30.7277 29.7045 30.5198 30.8784 33.4512 34.7228 32.2754 34.1052 36.4048 36.5625 37.9616 40.264 37.8591 41.6129 41.0357 40.7734 39.0022 41.4896 40.1647 40.6016 43.4424 40.6857 44.1003 42.1018 44.6027 39.6691 47.8112 42.9321 50.3938 48.8596 47.0877 48.8142 47.6351 49.7461 52.0092 48.9829 48.5209 47.4725 49.8894 1178.18 
0.941384 2.09442 3.06439 3.74305 4.65078 6.26455 6.81416 8.13763 9.02699 10.5298 11.5623 11.4123 12.5515 14.0895 15.2397 15.4144 16.4077 17.6246 20.1931 19.7603 20.0377 21.5056 22.5261 22.2427 23.803 25.1621 24.2282 26.0368 26.2626 27.3826 29.6782 30.4008 28.7516 30.6822 32.0762 32.936 35.0878 32.8346 33.8786 36.4044 36.5497 37.8359 39.415 38.986 41.173 41.3911 41.686 40.5438 41.8581 41.4544 39.0353 44.5757 39.8254 46.334 43.0259 44.0021 39.9151 48.4426 42.8217 49.3295 48.1016 49.0846 48.0095 48.6438 48.5357 51.5621 48.1863 48.0498 47.8726 49.8846 1178.13 
0.985321 2.04754 3.02206 3.93351 4.78474 6.20643 6.93219 8.4013 8.99717 10.6287 11.2412 11.3649 12.1949 13.9599 15.4392 15.6147 16.3458 17.7566 19.4041 19.6079 20.5732 21.4288 23.2342 22.8401 23.972 25.1719 24.7052 26.3405 26.8314 26.6136 29.3916 30.5352 30.5255 31.3547 31.3881 33.4842 34.8978 32.3853 34.0166 36.0832 36.2214 37.4302 39.8858 38.284 41.4891 40.8371 40.9313 40.4869 43.7949 40.8068 39.9965 45.0578 40.6848 46.4688 44.0401 43.4753 39.2803 49.6373 41.9082 50.262 47.3801 48.9928 48.5632 49.5749 46.4287 49.7251 49.1713 46.5696 50.7709 51.3667 1181.33 
0.973818 1.95896 3.05892 3.90585 4.6072 5.87382 6.90969 8.18988 8.63824 10.684 10.6883 11.623 12.6744 14.2261 15.4529 15.63 16.25 17.1818 19.9504 19.4793 21.1181 21.2611 22.6076 22.4823 24.1154 25.624 25.3561 26.2833 27.0403 27.2702 29.6106 30.0087 31.8192 31.0732 31.9775 33.0202 34.2418 32.8807 34.0357 35.7974 37.1205 37.494 38.9973 37.2898 40.9352 39.8625 40.1643 40.1048 44.2454 40.5254 39.7949 42.5952 42.8794 46.6441 44.8764 43.9441 39.8941 49.1428 40.5229 49.2645 47.7343 51.7321 49.8969 50.0697 46.5957 47.8454 49.2112 47.2611 51.4248 52.7843 1183.57 
1.01118 2.02228 3.04576 3.71972 4.58102 5.94487 7.04483 8.11218 8.40833 10.4978 10.844 11.9388 12.8503 14.4525 15.8113 15.4948 17.0473 17.5257 19.1972 19.2014 20.8064 21.6834 22.4581 22.8086 24.4637 25.2735 25.1063 25.6439 27.3228 26.4715 29.5626 31.2531 30.4205 29.9601 32.2576 33.3715 33.3117 32.8921 33.5613 35.0137 36.2116 36.0578 38.8532 37.4359 40.6973 39.2371 41.2172 40.0492 44.6055 40.3654 40.4777 42.4516 43.1091 45.2396 45.5196 44.3982 40.6466 47.7066 41.075 47.8908 46.8337 51.1341 47.9789 50.8763 46.1585 50.8041 47.9941 48.5372 52.4276 51.8059 1180.7 
1.01325 1.97474 3.07299 3.89763 4.56176 5.89548 6.92715 8.40916 8.80507 10.5748 11.0427 11.8647 12.3128 13.9627 15.8854 15.5152 16.7143 17.3979 19.3713 19.3963 20.9079 21.5637 22.5831 22.228 24.5096 25.0139 25.2943 26.2081 27.8441 26.1366 29.3845 30.6494 30.0854 30.558 32.1173 32.3579 33.6334 33.0253 34.1153 34.4451 36.3611 36.9438 36.7414 37.7407 40.5141 40.071 42.1296 40.1703 43.5167 40.0684 41.371 44.1354 43.5872 43.4443 46.3503 44.1941 40.2505 47.2697 41.5879 48.0493 47.2379 48.9615 48.6244 49.5342 47.827 49.3545 45.5211 50.8385 50.9602 53.5511 1177.58 
1.0206 2.01261 3.07588 3.9938 4.46163 5.82084 7.05997 8.04304 8.85804 10.6603 10.8673 11.2805 12.5432 13.7018 15.731 15.3224 16.8733 16.9989 19.7278 18.9678 21.0925 21.5675 22.6311 22.5566 24.339 25.3635 25.3687 25.8064 28.0779 26.8826 30.0993 29.3288 30.2553 30.9033 32.0114 32.4068 32.8491 32.9729 33.3722 35.3381 36.8823 36.8482 36.1336 36.5052 39.2462 41.3583 41.1813 38.9733 42.2161 39.4705 42.3518 44.1613 44.8356 44.3167 47.1451 43.4278 40.8423 46.5418 40.132 46.7638 46.2113 48.4937 50.3882 49.0581 48.8939 50.4452 46.0234 50.6413 52.1351 55.7299 1175.65 
0.986979 2.01273 3.03769 4.13304 4.53493 5.88825 6.97495 8.07583 8.74559 10.5658 10.8956 11.0338 12.6626 14.0724 15.8001 15.3494 17.1193 16.1174 19.2731 18.477 20.7781 21.1113 22.5862 22.1252 24.0269 24.9811 25.7674 26.1668 28.0651 27.2857 30.0069 28.0679 30.5908 31.3386 31.9233 33.0188 32.8121 32.6933 33.7775 35.0182 36.3844 36.7865 36.5594 36.0122 39.4711 42.0011 41.0158 37.9612 42.3699 39.2343 42.0469 45.265 45.8431 45.5384 46.9959 44.9252 40.7426 45.4791 41.6492 45.7523 45.4674 47.4803 51.334 49.2284 46.6419 48.5774 46.8992 49.1123 52.3027 55.4378 1175.25 
0.990224 2.01402 3.04491 4.11319 4.5437 5.84377 7.04039 7.99394 8.89939 10.3939 11.2197 11.046 13.157 14.0127 15.9148 14.9948 17.0676 16.9399 19.7077 18.9029 20.6493 20.6204 22.9921 22.4003 23.7936 24.4973 26.2349 26.4668 27.8549 28.2148 30.3786 27.5304 30.516 30.9909 31.6486 31.9823 32.1144 33.7856 34.3223 34.5468 37.0059 36.695 35.9548 36.3001 38.7235 42.2328 40.8377 39.0369 41.0532 38.4083 41.8083 45.1152 45.9809 45.7668 45.8128 45.6865 40.1943 44.606 40.5558 45.6497 46.9568 48.0977 50.5913 49.0407 45.1048 49.6631 46.6021 48.0529 52.4926 54.0846 1174.77 
1.00298 2.0251 2.99454 4.19959 4.54648 5.87382 7.09036 7.98149 8.96287 10.4524 11.2223 11.1046 13.039 13.7808 15.7418 14.9763 17.0544 16.7695 20.2511 19.3047 20.3975 20.3866 22.6502 22.5792 23.4017 24.4359 26.3779 26.0756 27.5049 28.8319 30.6978 27.4545 30.5868 31.218 31.4593 30.4371 31.7973 35.9182 33.7436 35.1383 36.6553 36.1251 36.3081 36.9656 37.6169 42.3238 41.358 38.1522 41.4064 38.9391 42.0833 46.26 44.5731 45.6965 48.1182 45.4005 40.0137 44.6191 41.5157 45.4245 48.6895 49.24 50.9241 49.8759 45.0814 49.4515 46.8632 48.1641 53.3914 53.3633 1175.93 
133 
